1.0, 0.5, 21.6120922347, 0.169294196962, 0.252441295442, 0.108060461174, 1.00976518177
2.2, 0.6, 14.4943101791, 0.187607817193, 0.27961172579, 0.0724715508953, 1.11844690316
3.6, 0.7, 6.79868571601, 0.198489945998, 0.295634918997, 0.03399342858, 1.18253967599
5.2, 0.8, -1.16798089205, 0.201514720608, 0.299872080912, -0.00583990446026, 1.19948832365
7.0, 0.9, -9.08808378772, 0.196569526176, 0.292154289263, -0.0454404189386, 1.16861715705
9.0, 1.0, -16.6458734619, 0.183859485365, 0.272789228048, -0.0832293673094, 1.09115691219
11.2, 1.1, -23.5400446902, 0.163899280764, 0.242548921146, -0.117700223451, 0.970195684584
13.6, 1.2, -29.4957486216, 0.13749263611, 0.202638954165, -0.147478743108, 0.810555816661
16.2, 1.3, -34.2755501348, 0.105700274364, 0.154650411546, -0.171377750674, 0.618601646186
19.0, 1.4, -37.6888936267, 0.0697976300312, 0.100496445047, -0.188444468134, 0.401985780187
22.0, 1.5, -39.599699864, 0.031224001612, 0.042336002418, -0.19799849932, 0.169344009672
25.2, 1.6, -39.9317910318, -0.00847482868552, -0.0175122430283, -0.199658955159, -0.0700489721131
28.6, 1.7, -38.6719277032, -0.0477082204054, -0.076662330608, -0.193359638516, -0.306649322432
32.2, 1.8, -35.8703366534, -0.084904088659, -0.132756132988, -0.179351683267, -0.531024531954
36.0, 1.9, -31.6387084766, -0.118571578189, -0.183557367283, -0.158193542383, -0.734229469131
40.0, 2.0, -26.1457448345, -0.147360499062, -0.227040748592, -0.130728724173, -0.90816299437
44.2, 2.1, -19.6104328536, -0.170115154483, -0.261472731724, -0.0980521642681, -1.0458909269
48.6, 2.2, -12.2933147991, -0.185920414778, -0.285480622167, -0.0614665739957, -1.14192248867
53.2, 2.3, -4.4861010774, -0.194138200727, -0.29810730109, -0.022430505387, -1.19242920436
58.0, 2.4, 3.49995933758, -0.194432921767, -0.298849382651, 0.0174997966879, -1.1953975306
63.0, 2.5, 11.3464874185, -0.186784854933, -0.287677282399, 0.0567324370926, -1.1507091296
68.2, 2.6, 18.740666852, -0.171490931144, -0.265036396716, 0.0937033342601, -1.06014558686
73.6, 2.7, 25.3877150377, -0.149152897511, -0.231829346267, 0.126938575189, -0.927317385067
79.2, 2.8, 31.0226351404, -0.120653327574, -0.189379991362, 0.155113175702, -0.757519965447
85.0, 2.9, 35.4207806777, -0.0871204358828, -0.139380653824, 0.177103903388, -0.557522615297
91.0, 3.0, 38.406811466, -0.0498830996398, -0.0838246494597, 0.19203405733, -0.335298597839
97.2, 3.1, 39.8616838809, -0.0104178805635, -0.0249268208452, 0.199308419405, -0.099707283381
103.6, 3.2, 39.7273967503, 0.0297098409701, 0.0349647614551, 0.198636983752, 0.139859045821
110.2, 3.3, 38.0093036783, 0.0689082727027, 0.093462409054, 0.190046518392, 0.373849636216
117.0, 3.4, 34.775899614, 0.105622670228, 0.148234005342, 0.17387949807, 0.592936021366
124.0, 3.5, 30.1560901737, 0.138397319744, 0.197095979616, 0.150780450869, 0.788383918463
131.2, 3.6, 24.3340525813, 0.16593357277, 0.238100359155, 0.121670262906, 0.952401436619
138.6, 3.7, 17.541893103, 0.187141619162, 0.269612428743, 0.0877094655149, 1.07844971497
146.2, 3.8, 10.0503937033, 0.201183934406, 0.290375901609, 0.0502519685165, 1.16150360644
154.0, 3.9, 2.15821682251, 0.207508669075, 0.299563003612, 0.0107910841125, 1.19825201445
162.0, 4.0, -5.82000135234, 0.205871649325, 0.296807473987, -0.0291000067617, 1.18722989595
170.2, 4.1, -13.5661944394, 0.196346111336, 0.282219167004, -0.0678309721968, 1.12887666802
178.6, 4.2, -20.7715461647, 0.179319781618, 0.256379672426, -0.103857730823, 1.02551868971
187.2, 4.3, -27.1488018928, 0.155479419575, 0.220319129362, -0.135744009464, 0.881276517449
196.0, 4.4, -32.4437205625, 0.125783438578, 0.175475157868, -0.162218602812, 0.70190063147
205.0, 4.5, -36.4452104754, 0.0914236970484, 0.123635545573, -0.182226052377, 0.49454218229
214.2, 4.6, -38.9937448562, 0.05377798282, 0.0668669742301, -0.194968724281, 0.26746789692
223.6, 4.7, -39.9877216814, 0.0143550850907, 0.00743262763601, -0.199938608407, 0.029730510544
233.2, 4.8, -39.3875142318, -0.0252653562446, -0.0522980343669, -0.196937571159, -0.209192137468
243.0, 4.9, -37.2170508842, -0.0634958258504, -0.109943738776, -0.186085254421, -0.439774955102
253.0, 5.0, -33.5628611631, -0.0988042221779, -0.163206333267, -0.167814305815, -0.652825333067
263.2, 5.1, -28.5706260811, -0.129774937519, -0.209962406278, -0.142853130405, -0.839849625112
273.6, 5.2, -22.4393702971, -0.155165293817, -0.248347940726, -0.112196851485, -0.993391762903
284.2, 5.3, -15.4135276309, -0.173955084323, -0.276832626484, -0.0770676381544, -1.10733050594
295.0, 5.4, -7.77319625821, -0.185387246013, -0.29428086902, -0.0388659812911, -1.17712347608
306.0, 5.5, 0.177027919522, -0.18899804131, -0.299997061965, 0.000885139597609, -1.19998824786
317.2, 5.6, 8.12019455275, -0.18463554583, -0.293753318745, 0.0406009727637, -1.17501327498
328.6, 5.7, 15.7396346539, -0.172465705133, -0.275798557699, 0.0786981732696, -1.1031942308
340.2, 5.8, 22.7315851907, -0.152965718994, -0.246848578491, 0.113657925954, -0.987394313962
352.0, 5.9, 28.8172991596, -0.126905016955, -0.208057525433, 0.144086495798, -0.832230101733
364.0, 6.0, 33.7541583493, -0.0953145836001, -0.1609718754, 0.168770791746, -0.643887501601
376.2, 6.1, 37.345345763, -0.0594458564474, -0.107468784671, 0.186726728815, -0.429875138684
388.6, 6.2, 39.4476920912, -0.0207208350897, -0.0496812526345, 0.197238460456, -0.198725010538
401.2, 6.3, 39.97738342, 0.0193246094442, 0.0100869141663, 0.1998869171, 0.0403476566653
414.0, 6.4, 38.9133026279, 0.0591019650203, 0.0694529475305, 0.194566513139, 0.277811790122
427.0, 6.5, 36.297871258, 0.0970334073653, 0.126050111048, 0.18148935629, 0.504200444192
440.2, 6.6, 32.2353583056, 0.131614702941, 0.177622054412, 0.161176791528, 0.710488217649
453.6, 6.7, 26.8877233421, 0.16147517799, 0.222112766986, 0.134438616711, 0.888451067943
467.2, 6.8, 20.4681596981, 0.185432362971, 0.257748544457, 0.102340798491, 1.03099417783
481.0, 6.9, 13.232595118, 0.202539133889, 0.283108700833, 0.0661629755898, 1.13243480333
495.0, 7.0, 5.46948872831, 0.212121471139, 0.297182206708, 0.0273474436416, 1.18872882683
509.2, 7.1, -2.51166891696, 0.213805330543, 0.299407995815, -0.0125583445848, 1.19763198326
523.6, 7.2, -10.3926942485, 0.20753155531, 0.289697332965, -0.0519634712427, 1.15878933186
538.2, 7.3, -17.8593956565, 0.193558234428, 0.268437351642, -0.0892969782824, 1.07374940657
553.0, 7.4, -24.6140993182, 0.172450413475, 0.236475620213, -0.123070496591, 0.94590248085
568.0, 7.5, -30.3875165144, 0.145057568031, 0.195086352047, -0.151937582572, 0.780345408189
583.2, 7.6, -34.9494793204, 0.112479737771, 0.145919606656, -0.174747396602, 0.583678426625
598.6, 7.7, -38.1181166755, 0.0760236713491, 0.0909355070237, -0.190590583377, 0.363742028095
614.2, 7.8, -39.7671050074, 0.0371507304599, 0.0323260956898, -0.198835525037, 0.129304382759
630.0, 7.9, -39.8307043549, -0.00258137004553, -0.0275720550683, -0.199153521775, -0.110288220273
646.0, 8.0, -38.3063792129, -0.041580663333, -0.0863709949995, -0.191531896065, -0.345483979998
662.2, 8.1, -35.2548996145, -0.0782843972797, -0.14172659592, -0.176274498072, -0.566906383678
678.6, 8.2, -30.7979184217, -0.11122133647, -0.191432004704, -0.153989592108, -0.765728018818
695.2, 8.3, -25.1131214099, -0.139070415707, -0.23350562356, -0.125565607049, -0.934022494241
712.0, 8.4, -18.4271434965, -0.160713406716, -0.266270110074, -0.0921357174823, -1.0650804403
729.0, 8.5, -11.0065335221, -0.175279498376, -0.288419247564, -0.0550326676103, -1.15367699026
746.2, 8.6, -3.14712778927, -0.182180013208, -0.299070019812, -0.0157356389464, -1.19628007925
763.6, 8.7, 4.83774399714, -0.181131876094, -0.297797814141, 0.0241887199857, -1.19119125656
781.2, 8.8, 12.6297501968, -0.172168899584, -0.284653349375, 0.0631487509838, -1.1386133975
799.0, 8.9, 19.9182481115, -0.155640435897, -0.260160653846, 0.0995912405577, -1.04064261538
817.0, 9.0, 26.4126683298, -0.132197449354, -0.225296174032, 0.132063341649, -0.901184696126
835.2, 9.1, 31.8540988117, -0.102766564481, -0.181449846722, 0.159270494058, -0.725799386888
853.6, 9.2, 36.0256068954, -0.0685131244144, -0.130369686622, 0.180128034477, -0.521478746486
872.2, 9.3, 38.7608877176, -0.0307947323473, -0.074092098521, 0.193804438588, -0.296368394084
891.0, 9.4, 39.9508942635, 0.00889287182432, -0.0148606922635, 0.199754471317, -0.0594427690541
910.0, 9.5, 39.5481847275, 0.0489754419326, 0.0449631628989, 0.197740923637, 0.179852651596
929.2, 9.6, 37.5688138679, 0.087862985764, 0.102994478646, 0.187844069339, 0.411977914584
948.6, 9.7, 34.0916929546, 0.124013153032, 0.156919729547, 0.170458464773, 0.627678918189
968.2, 9.8, 29.2554438258, 0.155992724014, 0.20458908602, 0.146277219129, 0.818356344082
988.0, 9.9, 23.2528724726, 0.182534747501, 0.244102121252, 0.116264362363, 0.976408485008
1008.0, 10.0, 16.3232824725, 0.202589050146, 0.273883575218, 0.0816164123627, 1.09553430087
1028.2, 10.1, 8.74293471141, 0.215364103553, 0.29274615533, 0.0437146735571, 1.17098462132
1048.6, 10.2, 0.814033733269, 0.220358580029, 0.299937870043, 0.00407016866634, 1.19975148017
1069.2, 10.3, -7.14732020099, 0.217381338924, 0.295172008386, -0.0357366010049, 1.18068803354
1090.0, 10.4, -14.8237330335, 0.206559046815, 0.278638570223, -0.0741186651675, 1.11455428089
1111.0, 10.5, -21.909170409, 0.188331127707, 0.250996691561, -0.109545852045, 1.00398676624
1132.2, 10.6, -28.1211582986, 0.163432244581, 0.213348366872, -0.140605791493, 0.853393467487
1153.6, 10.7, -33.2120443483, 0.132863010704, 0.167194516055, -0.166060221742, 0.668778064221
1175.2, 10.8, -36.9788709966, 0.097850098331, 0.114375147496, -0.184894354983, 0.457500589986
1197.0, 10.9, -39.2714667517, 0.0597973351591, 0.0569960027386, -0.196357333759, 0.227984010955
1219.0, 11.0, -39.9984330558, 0.0202297381419, -0.00265539278711, -0.199992165279, -0.0106215711484
1241.2, 11.1, -39.1307880563, -0.0192672841213, -0.062200926182, -0.195653940281, -0.248803704728
1263.6, 11.2, -36.7031220213, -0.0571111366243, -0.119266704936, -0.183515610106, -0.477066819746
1286.2, 11.3, -32.8122183347, -0.0917851310219, -0.171577696533, -0.164061091674, -0.686310786131
1309.0, 11.4, -27.6131950481, -0.121898951209, -0.217048426813, -0.13806597524, -0.868193707253
1332.0, 11.5, -21.3133208133, -0.146244080835, -0.253866121253, -0.106566604067, -1.01546448501
1355.2, 11.6, -14.1637517359, -0.163841983039, -0.280562974558, -0.0708187586793, -1.12225189823
1378.6, 11.7, -6.44951857297, -0.173983111624, -0.296074667436, -0.0322475928648, -1.18429866974
1402.2, 11.8, 1.52183654279, -0.176255198427, -0.299782797641, 0.00760918271394, -1.19913119056
1426.0, 11.9, 9.43252083802, -0.170559689149, -0.291539533723, 0.0471626041901, -1.16615813489
1450.0, 12.0, 16.9671602935, -0.157115672401, -0.271673508602, 0.0848358014674, -1.08669403441
1474.2, 12.1, 23.825372611, -0.136451145339, -0.240976718008, 0.119126863055, -0.963906872033
1498.6, 12.2, 29.7337425078, -0.109381964076, -0.200672946113, 0.148668712539, -0.802691784454
1523.2, 12.3, 34.4567219211, -0.0769793180781, -0.152368977117, 0.172283609606, -0.609475908469
1548.0, 12.4, 37.8060205659, -0.040527025221, -0.0979905378314, 0.18903010283, -0.391962151326
1573.0, 12.5, 39.6481124745, -0.00147035001957, -0.0397055250293, 0.198240562373, -0.158822100117
1598.2, 12.6, 39.9095592556, 0.0386416145051, 0.0201624217576, 0.199547796278, 0.0806496870305
1623.6, 12.7, 38.5799378511, 0.0782177042769, 0.0792265564153, 0.192899689256, 0.316906225661
1649.2, 12.8, 35.7122560705, 0.115688118855, 0.135132178283, 0.178561280353, 0.54052871313
1675.0, 12.9, 31.4208393369, 0.149567004424, 0.185650506636, 0.157104196685, 0.742602026544
1701.0, 13.0, 25.8767728931, 0.178511690096, 0.228767535144, 0.129383864466, 0.915070140575
1727.2, 13.1, 19.301081173, 0.201376215962, 0.262764323943, 0.096505405865, 1.05105729577
1753.6, 13.2, 11.9559162546, 0.217257018899, 0.286285528348, 0.0597795812729, 1.14514211339
1780.2, 13.3, 4.13410668416, 0.225528954776, 0.298393432163, 0.0206705334208, 1.19357372865
1807.0, 13.4, -3.85251667383, 0.225870220982, 0.298605331473, -0.0192625833691, 1.19442132589
1834.0, 13.5, -11.6855523494, 0.218275185681, 0.286912778521, -0.0584277617468, 1.14765111409
1861.2, 13.6, -19.0527219286, 0.20305461233, 0.263781918495, -0.095263609643, 1.05512767398
1888.6, 13.7, -25.6603196089, 0.180823270527, 0.230134905791, -0.128301598044, 0.920539623163
1916.2, 13.8, -31.2449213222, 0.152475427083, 0.187313140625, -0.156224606611, 0.7492525625
1944.0, 13.9, -35.5838866214, 0.119149194429, 0.137023791643, -0.177919433107, 0.548095166573
1972.0, 14.0, -38.5042346525, 0.0821811576616, 0.0812717364924, -0.192521173263, 0.32508694597
2000.2, 14.1, -39.8895403552, 0.0430530891169, 0.0222796336753, -0.199447701776, 0.0891185347013
2028.6, 14.2, -39.6845759626, 0.00333287478073, -0.0376006878289, -0.198422879813, -0.150402751316
2057.2, 14.3, -37.8975127583, -0.0353879923768, -0.0959819885652, -0.189487563791, -0.383927954261
2086.0, 14.4, -34.5995953128, -0.0715578602041, -0.150536790306, -0.172997976564, -0.602147161225
2115.0, 14.5, -29.9223011876, -0.103726776843, -0.199090165264, -0.149611505938, -0.796360661055
2144.2, 14.6, -24.0520993392, -0.130604295732, -0.239706443598, -0.120260496696, -0.958825774391
2173.6, 14.7, -17.2230161911, -0.151110921642, -0.270766382463, -0.0861150809553, -1.08306552985
2203.2, 14.8, -9.70730573772, -0.164421146741, -0.291031720112, -0.0485365286886, -1.16412688045
2233.0, 14.9, -1.80459563778, -0.169996360989, -0.299694541484, -0.00902297818892, -1.19877816594
2263.0, 15.0, 6.1700579955, -0.167606324819, -0.296409487228, 0.0308502899775, -1.18563794891
2293.2, 15.1, 13.8987308872, -0.15733834806, -0.28130752209, 0.0694936544362, -1.12523008836
2323.6, 15.2, 21.0733052385, -0.139593809176, -0.254990713764, 0.105366526193, -1.01996285506
2354.2, 15.3, 27.4077534106, -0.115072153566, -0.218508230349, 0.137038767053, -0.874032921398
2385.0, 15.4, 32.6495409443, -0.0847430088892, -0.173314513334, 0.163247704722, -0.693258053335
2416.0, 15.5, 36.5896943122, -0.0498075290646, -0.121211293597, 0.182948471561, -0.484845174388
2447.2, 15.6, 39.0711320333, -0.0116505080592, -0.0642757620888, 0.195355660166, -0.257103048355
2478.6, 15.7, 39.9949270163, 0.02821482748, -0.00477775878005, 0.199974635082, -0.0191110351202
2510.2, 15.8, 39.3242504705, 0.0682071457961, 0.0549107186942, 0.196621252352, 0.219642874777
2542.0, 15.9, 37.0858401533, 0.10674005273, 0.112410079095, 0.185429200766, 0.449640316379
2574.0, 16.0, 33.3689344203, 0.142285336248, 0.165428004372, 0.166844672101, 0.66171201749
2606.2, 16.1, 28.3217145737, 0.173433891436, 0.211850837154, 0.141608572868, 0.847403348616
2638.6, 16.2, 22.1453973414, 0.198951897062, 0.249827845592, 0.110726986707, 0.999311382369
2671.2, 16.3, 15.0862130009, 0.217830004136, 0.277845006204, 0.0754310650047, 1.11138002482
2704.0, 16.4, 7.42558895543, 0.229323575473, 0.294785363209, 0.0371279447772, 1.17914145284
2737.0, 16.5, -0.53106988892, 0.232982372021, 0.299973558032, -0.0026553494446, 1.19989423213
2770.2, 16.6, -8.46655665269, 0.228668502478, 0.293202753718, -0.0423327832635, 1.17281101487
2803.6, 16.7, -16.0645085205, 0.216561920578, 0.274742880867, -0.0803225426024, 1.09897152347
2837.2, 16.8, -23.0220191281, 0.197153250905, 0.245329876358, -0.11511009564, 0.981319505432
2871.0, 16.9, -29.0617144832, 0.171224229241, 0.206136343861, -0.145308572416, 0.824545375446
2905.0, 17.0, -33.9428109914, 0.139816537224, 0.158724805836, -0.169714054957, 0.634899223344
2939.2, 17.1, -37.4707147381, 0.104190273791, 0.104985410687, -0.187353573691, 0.419941642748
2973.6, 17.2, -39.5047793339, 0.0657737190097, 0.0470605785145, -0.197523896669, 0.188242314058
3008.2, 17.3, -39.9639130422, 0.0261063930566, -0.0127404104151, -0.199819565211, -0.0509616416603
3043.0, 17.4, -38.8298116509, -0.0132223195907, -0.0720334793861, -0.194149058255, -0.288133917544
3078.0, 17.5, -36.1476882037, -0.0506365338992, -0.128454800849, -0.180738441018, -0.513819203395
3113.2, 17.6, -32.0244704984, -0.0846366898428, -0.179755034764, -0.160122352492, -0.719020139057
3148.6, 17.7, -26.6245382134, -0.113859335129, -0.223889002693, -0.133122691067, -0.895556010774
3184.2, 17.8, -20.1631696084, -0.137131481739, -0.259097222608, -0.100815848042, -1.03638889043
3220.0, 17.9, -12.8979590597, -0.153517369257, -0.283976053885, -0.0644897952983, -1.13590421554
3256.0, 18.0, -5.1185475851, -0.162355770689, -0.297533656033, -0.0255927379255, -1.19013462413
3292.2, 18.1, 2.86492422917, -0.163286353491, -0.299229530236, 0.0143246211458, -1.19691812094
3328.6, 18.2, 10.7341805552, -0.156264044895, -0.288996067342, 0.053670902776, -1.15598426937
3365.2, 18.3, 18.1754989762, -0.141560828815, -0.267241243223, 0.0908774948809, -1.06896497289
3402.0, 18.4, 24.8922176091, -0.11975490271, -0.234832354065, 0.124461088045, -0.939329416261
3439.0, 18.5, 30.6165620778, -0.0917076266714, -0.193061440007, 0.153082810389, -0.772245760028
3476.2, 18.6, 35.1203208327, -0.0585291837177, -0.143593775577, 0.175601604163, -0.574375102306
3513.6, 18.7, 38.2239432245, -0.0215343203001, -0.0884014804501, 0.191119716123, -0.3536059218
3551.2, 18.8, 39.8036976226, 0.0178100684899, -0.0296848972651, 0.199018488113, -0.11873958906
3589.0, 18.9, 39.7966042043, 0.0579434193985, 0.0302151290978, 0.198983021022, 0.120860516391
3627.0, 19.0, 38.2029457619, 0.0972737157419, 0.0889105736128, 0.191014728809, 0.355642294451
3665.2, 19.1, 35.0862564283, 0.134240956088, 0.144061434131, 0.175431282141, 0.576245736526
3703.6, 19.2, 30.570788772, 0.167379346589, 0.193469019883, 0.15285394386, 0.773876079534
3742.2, 19.3, 24.836560239, 0.19537573756, 0.235163606339, 0.124182801195, 0.940654425358
3781.0, 19.4, 18.1121764256, 0.217121974608, 0.267482961912, 0.090560882128, 1.06993184765
3820.0, 19.5, 10.6657172944, 0.231759077257, 0.289138615885, 0.053328586472, 1.15655446354
3859.2, 19.6, 2.79404967228, 0.238711483782, 0.299267225672, 0.0139702483614, 1.19706890269
3898.6, 19.7, -5.18900789313, 0.237709997043, 0.297464995564, -0.0259450394656, 1.18985998226
3938.2, 19.8, -12.9651960887, 0.228802516525, 0.283803774788, -0.0648259804435, 1.13521509915
3978.0, 19.9, -20.2245028303, 0.212352128737, 0.258828193106, -0.101122514151, 1.03531277242
4018.0, 20.0, -26.6775224661, 0.189022632096, 0.223533948144, -0.13338761233, 0.894135792575
4058.2, 20.1, -32.066993467, 0.159752073381, 0.179328110072, -0.160334967335, 0.717312440286
4098.6, 20.2, -36.1780546316, 0.125715350769, 0.127973026153, -0.180890273158, 0.511892104613
4139.2, 20.3, -38.8468109245, 0.0882773743498, 0.0715160615247, -0.194234054623, 0.286064246099
4180.0, 20.4, -39.9668674541, 0.04893865147, 0.0122079772049, -0.19983433727, 0.0488319088198
4221.0, 20.5, -39.493571101, 0.00927546623905, -0.0475868006414, -0.197467855505, -0.190347202566
4262.2, 20.6, -37.4457906972, -0.0291229619434, -0.105484442915, -0.187228953486, -0.42193777166
4303.6, 20.7, -33.9051647854, -0.06471783555, -0.159176753325, -0.169525823927, -0.6367070133
4345.2, 20.8, -29.0128469476, -0.0960821259275, -0.206523188891, -0.145064234738, -0.826092755565
4387.0, 20.9, -22.9638784572, -0.121957464425, -0.245636196638, -0.114819392286, -0.982544786552
4429.0, 21.0, -15.9994125995, -0.141304309583, -0.274956464375, -0.0799970629977, -1.0998258575
4471.2, 21.1, -8.39710065055, -0.153343390368, -0.293315085552, -0.0419855032527, -1.17326034221
4513.6, 21.2, -0.460022797208, -0.157586773252, -0.299980159878, -0.00230011398604, -1.19992063951
4556.2, 21.3, 7.49539471337, -0.153857314581, -0.294685971871, 0.0374769735668, -1.17874388748
4599.0, 21.4, 15.1519944898, -0.142295722734, -0.277643584101, 0.0757599724491, -1.11057433641
4642.0, 21.5, 22.2045320608, -0.123354948526, -0.249532422789, 0.111022660304, -0.998129691154
4685.2, 21.6, 28.371845009, -0.0977821274828, -0.211473191224, 0.141859225045, -0.845892764897
4728.6, 21.7, 33.4080620293, -0.0665887939121, -0.164983190868, 0.167040310146, -0.659932763472
4772.2, 21.8, 37.1124050416, -0.0310105542177, -0.111915831327, 0.185562025208, -0.447663325306
4816.0, 21.9, 39.3371935799, 0.00754217282608, -0.0543867407609, 0.1966859679, -0.217546963044
4860.0, 22.0, 39.9937323459, 0.0475403850211, 0.00531057753165, 0.19996866173, 0.0212423101266
4904.2, 22.1, 39.0558472108, 0.0873974532377, 0.0647961798565, 0.195279236054, 0.259184719426
4948.6, 22.2, 36.5609286952, 0.125532375311, 0.121698562967, 0.182804643476, 0.486794251867
4993.2, 22.3, 32.6084413272, 0.160432805609, 0.173749208413, 0.163042206636, 0.694996833653
5038.0, 22.4, 27.3559583054, 0.190715347479, 0.218873021218, 0.136779791527, 0.875492084872
5083.0, 22.5, 21.0128795527, 0.215180704907, 0.25527105736, 0.105064397764, 1.02108422944
5128.2, 22.6, 13.8320836022, 0.232861494667, 0.281492242, 0.069160418011, 1.125968968
5173.6, 22.7, 6.09984612813, 0.243060812834, 0.296491219251, 0.0304992306407, 1.18596487701
5219.2, 22.8, -1.87557296189, 0.245380018149, 0.299670027224, -0.00937786480943, 1.19868010889
5265.0, 22.9, -9.77621887662, 0.239734624582, 0.290901936874, -0.0488810943831, 1.16360774749
5311.0, 23.0, -17.2871177954, 0.22635766953, 0.270536504295, -0.086435588977, 1.08214601718
5357.2, 23.1, -24.1088338803, 0.205790423345, 0.239385635017, -0.120544169402, 0.957542540067
5403.6, 23.2, -29.9694068383, 0.178860810597, 0.198691215896, -0.149847034191, 0.794764863583
5450.2, 23.3, -34.6351941195, 0.146650403336, 0.150075605004, -0.173175970597, 0.600302420014
5497.0, 23.4, -37.9201855088, 0.11045130222, 0.0954769533307, -0.189600927544, 0.381907813323
5544.0, 23.5, -39.693418766, 0.071714624549, 0.0370719368235, -0.19846709383, 0.148287747294
5591.2, 23.6, -39.8842006769, 0.0319926527883, -0.0228110208175, -0.199421003384, -0.0912440832702
5638.6, 23.7, -38.4849253686, -0.00712305002864, -0.081784575043, -0.192424626843, -0.327138300172
5686.2, 23.8, -35.551377532, -0.0440650908984, -0.137497636348, -0.17775688766, -0.54999054539
5734.0, 23.9, -31.2005084621, -0.0773527338599, -0.18772910079, -0.156002542311, -0.75091640316
5782.0, 24.0, -25.6057735788, -0.105650932265, -0.230476398397, -0.128028867894, -0.921905593589
5830.2, 24.1, -18.9902173065, -0.127823552874, -0.264035329311, -0.0949510865325, -1.05614131724
5878.6, 24.2, -11.6175809973, -0.142978669904, -0.287068004856, -0.0580879049866, -1.14827201942
5927.2, 24.3, -3.78178839518, -0.150504123296, -0.298656184944, -0.0189089419759, -1.19462473977
5976.0, 24.4, 4.20477217615, -0.150091923601, -0.298337885401, 0.0210238608808, -1.19335154161
6025.0, 24.5, 12.0237017498, -0.141750530552, -0.286125795828, 0.0601185087488, -1.14450318331
6074.2, 24.6, 19.3632842776, -0.125804515798, -0.262506773697, 0.0968164213879, -1.05002709479
6123.6, 24.7, 25.9309137656, -0.102881623258, -0.228422434887, 0.129654568828, -0.913689739546
6173.2, 24.8, 31.4647595516, -0.0738877429507, -0.185231614426, 0.157323797758, -0.740926457704
6223.0, 24.9, 35.744204667, -0.0399707960203, -0.13465619403, 0.178721023335, -0.538624776122
6273.0, 25.0, 38.5986411397, -0.00247497074075, -0.0787124561111, 0.192993205698, -0.314849824445
6323.2, 25.1, 39.9142715952, 0.0371128660279, -0.0196307009582, 0.199571357976, -0.0785228038326
6373.6, 25.2, 39.638645999, 0.0772224455292, 0.0402336682937, 0.198193229995, 0.160934673175
6424.2, 25.3, 37.7827526738, 0.11626269877, 0.0984940481555, 0.188913763369, 0.393976192622
6475.0, 25.4, 34.4205802298, 0.152685187422, 0.152827781133, 0.172102901149, 0.611311124533
6526.0, 25.5, 29.6861678725, 0.185045835169, 0.201068752753, 0.148430839363, 0.804275011012
6577.2, 25.6, 23.7682616823, 0.212062498473, 0.24129374771, 0.118841308412, 0.965174990839
6628.6, 25.7, 16.9027899039, 0.232666081595, 0.271899122392, 0.0845139495193, 1.08759648957
6680.2, 25.8, 9.36345723181, 0.246043158061, 0.291664737091, 0.046817286159, 1.16665894837
6732.0, 25.9, 1.45083306801, 0.251668399416, 0.299802599124, 0.00725416534006, 1.1992103965
6784.0, 26.0, -6.51963123184, 0.249325518408, 0.295988277612, -0.0325981561592, 1.18395311045
6836.2, 26.1, -14.2301784084, 0.239115891678, 0.280373837517, -0.0711508920418, 1.12149535007
6888.6, 26.2, -21.3734132777, 0.221454518193, 0.25358177729, -0.106867066388, 1.01432710916
6941.2, 26.3, -27.6645576073, 0.197053474551, 0.216680211826, -0.138322788036, 0.866720847305
6994.0, 26.4, -32.8528033257, 0.166893526727, 0.171140290091, -0.164264016628, 0.684561160365
7047.0, 26.5, -36.7313114485, 0.132185030036, 0.118777545054, -0.183656557242, 0.475110180218
7100.2, 26.6, -39.1454580962, 0.0943196760805, 0.0616795141207, -0.195727290481, 0.246718056483
7153.6, 26.7, -39.9989988603, 0.0548150103999, 0.00212251559991, -0.199994994301, 0.00849006239965
7207.2, 26.8, -39.2579057639, 0.0152539327201, -0.0575191009199, -0.196289528819, -0.230076403679
7261.0, 26.9, -36.9517238502, -0.0227784082653, -0.114867612398, -0.184758619251, -0.459470449592
7315.0, 27.0, -33.1723933145, -0.0577578097704, -0.167636714656, -0.165861966573, -0.670546858622
7369.2, 27.1, -28.0705841389, -0.088281780072, -0.213722670108, -0.140352920695, -0.854890680432
7423.6, 27.2, -21.8496893556, -0.113125451429, -0.251288177144, -0.109248446778, -1.00515270858
7478.2, 27.3, -14.7577164083, -0.131290411696, -0.278835617543, -0.0737885820414, -1.11534247017
7533.0, 27.4, -7.07739987846, -0.142044507858, -0.295266761788, -0.0353869993923, -1.18106704715
7588.0, 27.5, 0.885070250488, -0.144951034672, -0.299926552008, 0.00442535125244, -1.19970620803
7643.2, 27.6, 8.81225542155, -0.139886144715, -0.292629217072, 0.0440612771077, -1.17051686829
7698.6, 27.7, 16.3881237776, -0.127043785798, -0.273665678697, 0.0819406188881, -1.09466271479
7754.2, 27.8, 23.3106493544, -0.106927968876, -0.243791953314, 0.116553246772, -0.975167813255
7810.0, 27.9, 29.3038529024, -0.0803326747214, -0.204199012082, 0.146519264512, -0.816796048328
7866.0, 28.0, 34.1288043089, -0.0483102004173, -0.156465300626, 0.170644021545, -0.625861202504
7922.2, 28.1, 37.5931479872, -0.0121292075925, -0.102493811389, 0.187965739936, -0.409975245555
7978.6, 28.2, 39.5587714874, 0.0267758551137, -0.0444362173294, 0.197793857437, -0.177744869318
8035.2, 28.3, 39.9473116032, 0.0668619389922, 0.0153929084883, 0.199736558016, 0.0615716339532
8092.0, 28.4, 38.7432784665, 0.106538911746, 0.0746083676197, 0.193716392332, 0.298433470479
8149.0, 28.5, 35.9946730788, 0.14423295105, 0.130849426574, 0.179973365394, 0.523397706298
8206.2, 28.6, 31.8110736632, 0.178449287874, 0.181873931811, 0.159055368316, 0.727495727243
8263.6, 28.7, 26.3592671262, 0.207831798215, 0.225647697322, 0.131796335631, 0.90259078929
8321.2, 28.8, 19.8565997905, 0.231217067476, 0.260425601214, 0.0992829989525, 1.04170240486
8379.0, 28.9, 12.5623124822, 0.247680772137, 0.284821158206, 0.0628115624111, 1.13928463282
8437.0, 29.0, 4.76720541794, 0.256574529617, 0.297861794425, 0.0238360270897, 1.1914471777
8495.2, 29.1, -3.21795508256, 0.257551747239, 0.299027620858, -0.0160897754128, 1.19611048343
8553.6, 29.2, -11.0748258688, 0.250581439789, 0.288272159684, -0.0553741293438, 1.15308863873
8612.2, 29.3, -18.4901782962, 0.235949464799, 0.266024197198, -0.0924508914811, 1.06409678879
8671.0, 29.4, -25.1683856641, 0.214247126305, 0.233170689458, -0.125841928321, 0.932682757831
8730.0, 29.5, -30.843208919, 0.186347601428, 0.191021402142, -0.154216044595, 0.764085608567
8789.2, 29.6, -35.2884107657, 0.15337112955, 0.141256694325, -0.176442053829, 0.5650267773
8848.6, 29.7, -38.3267750342, 0.116640351911, 0.0858605278669, -0.191633875171, 0.343442111468
8908.2, 29.8, -39.8371717292, 0.0776275820742, 0.0270413731113, -0.199185858646, 0.108165492445
8968.0, 29.9, -39.7593861008, 0.0378961094292, -0.0328558358562, -0.198796930504, -0.131423343425
9028.0, 30.0, -38.0965192166, -0.000962124220503, -0.0914431863308, -0.190482596083, -0.365772745323
9088.2, 30.1, -34.9148643317, -0.0373899903546, -0.146384985532, -0.174574321659, -0.585539942128
9148.6, 30.2, -30.3412639862, -0.0699272515364, -0.195490877305, -0.151706319931, -0.781963509218
9209.2, 30.3, -24.5580531929, -0.0972687764707, -0.236803164706, -0.122790265964, -0.947212658824
9270.0, 30.4, -17.7957903162, -0.118316571471, -0.268674857206, -0.0889789515811, -1.07469942883
9331.0, 30.5, -10.3240654375, -0.132223554002, -0.289835331003, -0.0516203271876, -1.15934132401
9392.2, 30.6, -2.44075264929, -0.138427323187, -0.29944098478, -0.0122037632464, -1.19776393912
9453.6, 30.7, 5.53986524483, -0.136672580956, -0.297108871435, 0.0276993262242, -1.18843548574
9515.2, 30.8, 13.2996261937, -0.127021309978, -0.282931964967, 0.0664981309685, -1.13172785987
9577.0, 30.9, 20.5291730156, -0.109850302599, -0.257475453899, 0.102645865078, -1.02990181559
9639.0, 31.0, 26.940286493, -0.0858361393298, -0.221754208995, 0.134701432465, -0.887016835979
9701.2, 31.1, 32.2773757628, -0.0559282157093, -0.177192323564, 0.161386878814, -0.708769294256
9763.6, 31.2, 36.3276679181, -0.0213108929036, -0.125566339355, 0.181638339591, -0.502265357422
9826.22, 31.31, 39.1057177827, 0.0205656195201, -0.0630815707199, 0.195528588913, -0.252326282879
9889.06, 31.42, 39.9986725586, 0.0644693676166, 0.00244405142486, 0.199993362793, 0.00977620569944
9952.12, 31.53, 38.9634872703, 0.108294571882, 0.067851857823, 0.194817436352, 0.271407431292
10015.4, 31.64, 36.0500631297, 0.149939239026, 0.129988858539, 0.180250315649, 0.519955434155
10078.9, 31.75, 31.3988420427, 0.18740648877, 0.185859733156, 0.156994210214, 0.743438932623
10142.62, 31.86, 25.2340365931, 0.218900813667, 0.232771220501, 0.126170182965, 0.931084882004
10206.56, 31.97, 17.8528218523, 0.242914631716, 0.268461947573, 0.0892641092615, 1.07384779029
10270.72, 32.08, 9.61101002495, 0.258300959505, 0.291211439257, 0.0480550501248, 1.16484575703
10335.1, 32.19, 0.905898485377, 0.264328702667, 0.299923054001, 0.00452949242688, 1.199692216
10399.7, 32.3, -7.84288198249, 0.260717898355, 0.294176847533, -0.0392144099124, 1.17670739013
10464.52, 32.41, -16.2135955296, 0.247653210878, 0.274249816317, -0.081067977648, 1.09699926527
10529.56, 32.52, -23.8027310611, 0.225775029943, 0.241102544914, -0.119013655306, 0.964410179658
10594.86, 32.65, -31.2670907909, 0.190036625883, 0.187104938825, -0.156335453955, 0.7484197553
10660.44, 32.79, -36.9437418739, 0.142254626891, 0.115011940336, -0.18471870937, 0.460047761343
10726.32, 32.94, -39.8254849739, 0.0845419576915, 0.0279929365372, -0.199127424869, 0.111971746149
10792.54, 33.11, -38.7903661669, 0.0174072217963, -0.0732191673055, -0.193951830834, -0.292876669222
10859.12, 33.29, -32.8646836818, -0.0474279565752, -0.171011934863, -0.164323418409, -0.684047739451
10926.08, 33.48, -22.0626925407, -0.0998660769375, -0.250239115406, -0.110313462704, -1.00095646162
10993.46, 33.69, -6.5401852096, -0.129928513338, -0.295962770007, -0.032700926048, -1.18385108003
11061.28, 33.91, 10.8910530787, -0.124623820558, -0.288665730837, 0.0544552653933, -1.15466292335
11129.56, 34.14, 26.8459692786, -0.0799844540586, -0.222396681088, 0.134229846393, -0.889586724352
11198.34, 34.39, 37.7759076445, 0.00301891697369, -0.0986416245395, 0.188879538223, -0.394566498158
11267.64, 34.65, 39.3177323834, 0.106081761861, 0.055172642792, 0.196588661917, 0.220690571168
11337.48, 34.92, 29.9409948749, 0.202461343107, 0.19893201466, 0.149704974375, 0.795728058641
11407.9, 35.21, 10.5085898038, 0.263394709505, 0.289462064257, 0.0525429490189, 1.15784825703
11478.92, 35.51, -13.1192300279, 0.259956881225, 0.283405321837, -0.0655961501397, 1.13362128735
11550.56, 35.82, -32.6332529105, 0.187297987671, 0.173486981506, -0.163166264552, 0.693947926024
11622.84, 36.14, -39.9890783243, 0.0676066319012, -0.0070100521482, -0.199945391621, -0.0280402085928
11695.76, 36.46, -31.5168872607, -0.0502349651248, -0.184732447687, -0.157584436304, -0.738929790749
11769.32, 36.78, -10.5700448228, -0.119330782079, -0.289336173119, -0.052850224114, -1.15734469247
11843.52, 37.1, 14.5605110347, -0.112078790957, -0.279418186435, 0.0728025551734, -1.11767274574
11918.36, 37.42, 33.9278930899, -0.031096073941, -0.158904110911, 0.169639465449, -0.635616443646
11993.84, 37.74, 39.866327208, 0.0918170399266, 0.0245055598899, 0.19933163604, 0.0980222395595
12069.96, 38.06, 30.0253307821, 0.208263814784, 0.198215722176, 0.15012665391, 0.792862888704
12146.72, 38.38, 8.30005369074, 0.272406946611, 0.293470419917, 0.0415002684537, 1.17388167967
12224.12, 38.7, -16.710455071, 0.259111357056, 0.272567035584, -0.0835522753549, 1.09026814233
12302.16, 39.02, -35.1068239402, 0.173892870696, 0.143779306045, -0.175534119701, 0.575117224178
12380.84, 39.34, -39.6076140395, 0.0507350048775, -0.0419174926838, -0.198038070198, -0.167669970735
12460.16, 39.66, -28.4313744618, -0.0613619947801, -0.21102299217, -0.142156872309, -0.844091968681
12540.12, 39.98, -6.00175565375, -0.117775867325, -0.296603800988, -0.0300087782687, -1.18641520395
12620.72, 40.3, 18.8034089624, -0.095924205946, -0.264786308919, 0.0940170448118, -1.05914523568
12701.96, 40.62, 36.1660247787, -0.00420276618123, -0.128164149272, 0.180830123893, -0.512656597087
12783.84, 40.94, 39.2138211467, 0.121337645354, 0.0591864680314, 0.196069105733, 0.236745872126
12866.36, 41.26, 26.7404544057, 0.231260386091, 0.223110579136, 0.133702272028, 0.892442316544
12949.52, 41.58, 3.68298893873, 0.282310420065, 0.298725630097, 0.0184149446937, 1.19490252039
13033.32, 41.9, -20.8322347975, 0.254535028139, 0.256102542208, -0.104161173988, 1.02441016883
13117.76, 42.22, -37.1018832554, 0.15918126352, 0.11211189528, -0.185509416277, 0.44844758112
13202.84, 42.54, -38.6862915398, 0.0342442726779, -0.0762535909832, -0.193431457699, -0.305014363933
13288.56, 42.86, -24.9583374094, -0.0705715059881, -0.234437258982, -0.124791687047, -0.937749035928
13374.92, 43.18, -1.35166157994, -0.113525780571, -0.299828670856, -0.00675830789971, -1.19931468342
13461.92, 43.5, 22.7900133706, -0.0773635673261, -0.246545350989, 0.113950066853, -0.986181403957
13549.56, 43.82, 37.9112076733, 0.0238551403646, -0.0956772894531, 0.189556038367, -0.382709157812
13637.84, 44.14, 38.0268243315, 0.150320436665, 0.0930606549968, 0.190134121658, 0.372242619987
13726.76, 44.46, 23.0911012909, 0.252229601767, 0.244964402651, 0.115455506454, 0.979857610603
13816.32, 44.78, -0.984275550935, 0.289499440934, 0.299909161401, -0.00492137775468, 1.1996366456
13906.52, 45.1, -24.6700677789, 0.247631553047, 0.23614732957, -0.123350338894, 0.94458931828
13997.36, 45.42, -38.5912378733, 0.143450920778, 0.0789163811664, -0.192956189367, 0.315665524666
14088.84, 45.74, -37.2376686006, 0.0184464397017, -0.109550340448, -0.186188343003, -0.43820136179
14180.96, 46.06, -21.1451141627, -0.0776507385746, -0.254656107862, -0.105725570813, -1.01862443145
14273.72, 46.38, 3.31685586082, -0.106551218149, -0.298966827223, 0.0165842793041, -1.19586730889
14367.12, 46.7, 26.4659861937, -0.0565626265772, -0.224943939866, 0.132329930968, -0.899775759463
14461.16, 47.02, 39.1396546475, 0.0527824449113, -0.0618863326331, 0.195698273237, -0.247545330532
14555.84, 47.34, 36.3215157219, 0.178457606743, 0.125666410114, 0.18160757861, 0.502665640455
14651.16, 47.66, 19.1270127135, 0.270972881036, 0.263479321555, 0.0956350635676, 1.05391728622
14747.12, 47.98, -5.63812420491, 0.293963254737, 0.297004882105, -0.0281906210246, 1.18801952842
14843.72, 48.3, -28.1716437279, 0.238582260306, 0.21297339046, -0.140858218639, 0.851893561838
14940.96, 48.62, -39.5545876486, 0.127003482637, 0.044645223955, -0.197772938243, 0.17858089582
15038.84, 48.94, -35.2814901878, 0.00364406601905, -0.141353900971, -0.176407450939, -0.565415603886
15137.36, 49.26, -17.0436795743, -0.0824159684094, -0.271403952614, -0.0852183978713, -1.08561581046
15236.52, 49.58, 7.94016401727, -0.0968600114388, -0.294030017158, 0.0397008200864, -1.17612006863
15336.32, 49.9, 29.7812233246, -0.0337176708616, -0.200276506292, 0.148906116623, -0.801106025169
15436.76, 50.22, 39.8346217692, 0.0822720966375, -0.0272518550438, 0.199173108846, -0.109007420175
15537.84, 50.54, 34.1211389515, 0.205452874428, 0.156559311642, 0.170605694757, 0.626237246569
15639.56, 50.86, 14.9022198451, 0.287321982996, 0.278402974495, 0.0745110992253, 1.11361189798
15741.92, 51.18, -10.2151243099, 0.295728252005, 0.290052378007, -0.0510756215494, 1.16020951203
15844.92, 51.5, -31.2892355955, 0.227597726288, 0.186896589433, -0.156446177977, 0.74758635773
15948.56, 51.82, -39.9788019673, 0.110150363391, 0.00976554508688, -0.199894009836, 0.0390621803475
16052.84, 52.14, -32.844419331, -0.0098738565716, -0.171230784857, -0.164222096655, -0.68492313943
16157.76, 52.46, -12.7099368639, -0.0847150115957, -0.284452517394, -0.0635496843195, -1.13781006957
16263.32, 52.78, 12.455246448, -0.0844970201229, -0.285085530184, 0.0622762322401, -1.14034212074
16369.52, 53.1, 32.6905375426, -0.00905284759767, -0.172879271397, 0.163452687713, -0.691517085586
16476.36, 53.42, 39.9866365238, 0.112009379838, 0.00775406975775, 0.199933182619, 0.031016279031
16583.84, 53.74, 31.4556855129, 0.231025522876, 0.185318284315, 0.157278427565, 0.741273137258
16691.96, 54.06, 10.4743072988, 0.301141299771, 0.289531949656, 0.0523715364938, 1.15812779863
16800.72, 54.38, -14.6528906107, 0.294857608579, 0.279146412868, -0.0732644530535, 1.11658565147
16910.12, 54.7, -33.9803500979, 0.214914905016, 0.158272357524, -0.16990175049, 0.633089430096
17020.16, 55.02, -39.8580987192, 0.093208506835, -0.0252472397475, -0.199290493596, -0.10098895899
17130.84, 55.34, -29.9596737022, -0.021835843549, -0.198773765324, -0.149798368511, -0.795095061294
17242.16, 55.66, -8.20295564894, -0.0844292987613, -0.293623948142, -0.0410147782447, -1.17449579257
17354.12, 55.98, 16.8005618459, -0.0695435207415, -0.272255281112, 0.0840028092295, -1.08902112445
17466.72, 56.3, 35.1542744223, 0.0171828907057, -0.143125663941, 0.175771372111, -0.572502655766
17579.96, 56.62, 39.5936269253, 0.141676203552, 0.0426543053286, 0.197968134627, 0.170617221314
17693.84, 56.94, 28.3614859698, 0.254914225774, 0.211551338661, 0.141807429849, 0.846205354642
17808.36, 57.26, 5.90362824206, 0.312329704867, 0.2967145573, 0.0295181412103, 1.1868582292
17923.52, 57.58, -18.8909356317, 0.29145042451, 0.264435636765, -0.0944546781583, 1.05774254706
18039.32, 57.9, -36.2083069073, 0.200793898444, 0.127490847666, -0.181041534536, 0.509963390663
18155.76, 58.22, -39.1941231094, 0.0764960662654, -0.0599159006018, -0.195970615547, -0.239663602407
18272.84, 58.54, -26.6665728527, -0.0319916180473, -0.223607427071, -0.133332864264, -0.894429708284
18390.56, 58.86, -3.58416681563, -0.0814754911787, -0.298793236768, -0.0179208340782, -1.19517294707
18508.92, 59.18, 20.916882856, -0.052116098881, -0.255714148322, 0.10458441428, -1.02285659329
18627.92, 59.5, 37.1388528296, 0.0447191797125, -0.111421230431, 0.185694264148, -0.445684921725
18747.56, 59.82, 38.6609497586, 0.170955437191, 0.0769731557871, 0.193304748793, 0.307892623149
18867.84, 60.14, 24.8807147647, 0.276880609258, 0.234900913887, 0.124403573823, 0.939603655548
18988.76, 60.46, 1.25248177318, 0.320821931544, 0.299852897317, 0.00626240886592, 1.19941158927
19110.32, 60.78, -22.8714941305, 0.285640373311, 0.246120559967, -0.114357470652, 0.984482239868
19232.52, 61.1, -37.9427386102, 0.185514411226, 0.0949716168386, -0.189713693051, 0.379886467355
19355.36, 61.42, -37.9959252331, 0.0603280680029, -0.0937678979956, -0.189979626166, -0.375071591983
19478.84, 61.74, -23.0100022825, -0.0401155221698, -0.245393283255, -0.115050011412, -0.981573133019
19602.96, 62.06, 1.08347479374, -0.0758066166854, -0.299889925028, 0.00541737396869, -1.19955970011
19727.72, 62.38, 24.7481033541, -0.0323650600933, -0.23568759014, 0.123740516771, -0.94275036056
19853.12, 62.7, 38.6172226383, 0.0732679283691, -0.0781981074463, 0.193086113192, -0.312792429785
19979.16, 63.02, 37.2013175648, 0.199535233084, 0.110242849625, 0.186006587824, 0.440971398502
20105.84, 63.34, 21.0608153746, 0.296712500993, 0.25504875149, 0.105304076873, 1.02019500596
20233.16, 63.66, -3.41573622577, 0.326589462414, 0.298904193622, -0.0170786811289, 1.19561677449
20361.12, 63.98, -26.5403104481, 0.277593879964, 0.224450819946, -0.13270155224, 0.897803279783
20489.72, 64.3, -39.1600046209, 0.169371938295, 0.0611579074427, -0.195800023104, 0.244631629771
20618.96, 64.62, -36.2798367222, 0.0450121175307, -0.126341823704, -0.181399183611, -0.505367294816
20748.84, 64.94, -19.0398016424, -0.0460095927436, -0.263834389115, -0.0951990082118, -1.05533755646
20879.36, 65.26, 5.73634846562, -0.0674127099219, -0.296899064883, 0.0286817423281, -1.18759625953
21010.52, 65.58, 28.2420031824, -0.0104723812062, -0.212448571809, 0.141210015912, -0.849794287237
21142.32, 65.9, 39.5692334279, 0.102527245633, -0.0439091315509, 0.197846167139, -0.175636526203
21274.76, 66.22, 35.2346253681, 0.227113277007, 0.142009915511, 0.17617312684, 0.568039662043
21407.84, 66.54, 16.9538536489, 0.314226822112, 0.271720233168, 0.0847692682444, 1.08688093267
21541.56, 66.86, -8.03739718496, 0.329640918134, 0.2938813772, -0.0401869859248, 1.1755255088
21675.92, 67.18, -29.8473780219, 0.267507852519, 0.199721778779, -0.149236890109, 0.798887115116
21810.92, 67.5, -39.8435134056, 0.152673737221, 0.0265106058311, -0.199217567028, 0.106042423325
21946.56, 67.82, -34.0692481419, 0.0308442067822, -0.157193689827, -0.170346240709, -0.628774759307
22082.84, 68.14, -14.8100854122, -0.0495062595891, -0.278679389384, -0.0740504270609, -1.11471755753
22219.76, 68.46, 10.3110347758, -0.0563209481613, -0.289861422242, 0.0515551738792, -1.15944568897
22357.32, 68.78, 31.3509599184, 0.0133507700496, -0.186313844926, 0.156754799592, -0.745255379702
22495.52, 69.1, 39.9819091365, 0.132185555295, -0.00902166705789, 0.199909545682, -0.0360866682316
22634.36, 69.42, 32.7876795025, 0.253400908782, 0.171841363173, 0.163938397513, 0.687365452693
22773.84, 69.74, 12.6158081432, 0.329272082612, 0.284688123918, 0.0630790407162, 1.13875249567
22913.96, 70.06, -12.5495071146, 0.330021939905, 0.284852909857, -0.0627475355729, 1.13941163943
23054.72, 70.38, -32.7476209835, 0.255606998211, 0.172270497316, -0.163738104918, 0.689081989264
23196.12, 70.7, -39.9839486288, 0.135734640236, -0.00849803964542, -0.199919743144, -0.0339921585817
23338.16, 71.02, -31.3942901737, 0.0181046797228, -0.185902980416, -0.156971450869, -0.743611921663
23480.84, 71.34, -10.3785053115, -0.0504706295291, -0.289725944294, -0.0518925265573, -1.15890377717
23624.16, 71.66, 14.7451800067, -0.0425952808788, -0.278872921318, 0.0737259000336, -1.11549168527
23768.12, 71.98, 34.0325979767, 0.0388669132916, -0.157639630063, 0.170162989884, -0.63055852025
23912.72, 72.3, 39.8496249271, 0.161925842815, 0.0259887642229, 0.199248124635, 0.103955056892
24057.96, 72.62, 29.8938322379, 0.278127056756, 0.199330585134, 0.149469161189, 0.797322340537
24203.84, 72.94, 8.10580712274, 0.341730446188, 0.293775669283, 0.0405290356137, 1.17510267713
24350.36, 73.26, -16.8905652231, 0.327814567379, 0.271941851068, -0.0844528261157, 1.08776740427
24497.52, 73.58, -35.2015085502, 0.242140760656, 0.142471140983, -0.176007542751, 0.569884563934
24645.32, 73.9, -39.5793961354, 0.118872763026, -0.0433908554608, -0.197896980677, -0.173563421843
24793.76, 74.22, -28.2914229294, 0.00705441121628, -0.212078383176, -0.141457114647, -0.848313532702
24942.84, 74.54, -5.805464497, -0.0488023250049, -0.296823487507, -0.029027322485, -1.18729395003
25092.56, 74.86, 18.9783460382, -0.0263355581097, -0.264083337165, 0.0948917301912, -1.05633334866
25242.92, 75.18, 36.2503661949, 0.0658154923814, -0.126816761428, 0.181251830974, -0.507267045712
25393.92, 75.5, 39.1741838551, 0.191429976283, 0.0606449644247, 0.195870919275, 0.242579857699
25545.56, 75.82, 26.5925271826, 0.301041932555, 0.224102898832, 0.132962635913, 0.896411595328
25697.84, 76.14, 3.4853226341, 0.351519336361, 0.298859004541, 0.0174266131705, 1.19543601816
25850.76, 76.46, -21.0014021833, 0.323136120442, 0.255324180663, -0.105007010916, 1.02129672265
26004.32, 76.78, -37.1755938357, 0.2273799199, 0.11072987985, -0.185877969179, 0.4429195194
26158.52, 77.1, -38.6353700417, 0.102405168756, -0.077692246866, -0.193176850208, -0.310768987464
26313.36, 77.42, -24.8029389937, -0.00206874874229, -0.235363123113, -0.124014694968, -0.941452492454
26468.84, 77.74, -1.15329425816, -0.0444368522383, -0.299875278357, -0.00576647129078, -1.19950111343
26624.96, 78.06, 22.9528341296, -0.00767616947749, -0.245694254216, 0.114764170648, -0.982777016865
26781.72, 78.38, 37.9740360317, 0.0939164268471, -0.0942653597294, 0.189870180158, -0.377061438918
26939.12, 78.7, 37.9647922919, 0.220383042605, 0.0944745639075, 0.18982396146, 0.37789825563
27097.16, 79.02, 22.9287616609, 0.321920435737, 0.245820653606, 0.114643808305, 0.983282614423
27255.84, 79.34, -1.18266736836, 0.358592562005, 0.299868843007, -0.00591333684178, 1.19947537203
27415.16, 79.66, -24.8259866192, 0.316137600127, 0.23522640019, -0.124129933096, 0.940905600761
27575.12, 79.98, -38.6429697368, 0.211612901642, 0.0774793524625, -0.193214848684, 0.30991740985
27735.72, 80.3, -37.1647375767, 0.0866435464516, -0.110934680323, -0.185823687883, -0.443738721291
27896.96, 80.62, -20.9763869694, -0.0090532169604, -0.255439825441, -0.104881934847, -1.02175930176
28058.84, 80.94, 3.51459556882, -0.0373464802924, -0.298839720439, 0.0175729778441, -1.19535888175
28221.36, 81.26, 26.6144713623, 0.0132157875589, -0.223956318662, 0.133072356811, -0.895825274646
28384.52, 81.58, 39.1801135872, 0.122873929426, -0.0604291058612, 0.195900567936, -0.241716423445
28548.32, 81.9, 36.2379344412, 0.248477639822, 0.127016459734, 0.181189672206, 0.508065838935
28712.76, 82.22, 18.9524733923, 0.340565221953, 0.264187832929, 0.0947623669616, 1.05675133172
28877.84, 82.54, -5.83453742241, 0.362940946947, 0.29679142042, -0.0291726871121, 1.18716568168
29043.56, 82.86, -28.3121888238, 0.307001630441, 0.211922445662, -0.141560944119, 0.847689782648
29209.92, 83.18, -39.5836356815, 0.195141845941, 0.0431727689118, -0.197918178408, 0.172691075647
29376.92, 83.5, -35.1875436998, 0.0718899626257, -0.142665056061, -0.175937718499, -0.570660224246
29544.56, 83.82, -16.8639233824, -0.0137165609615, -0.272034841442, -0.0843196169122, -1.08813936577
29712.84, 84.14, 8.13458088713, -0.0275406190491, -0.293730928574, 0.0406729044356, -1.17492371429
29881.76, 84.46, 29.9133490259, 0.0361427852704, -0.199165822094, 0.14956674513, -0.796663288378
30051.32, 84.78, 39.8521598285, 0.152380537692, -0.0257691934613, 0.199260799142, -0.103076773845
30221.52, 85.1, 34.017147656, 0.27541806705, 0.157827100576, 0.17008573828, 0.631308402302
30392.36, 85.42, 14.7178598319, 0.356809392775, 0.278954089163, 0.0735892991594, 1.11581635665
30563.84, 85.74, -10.4068817834, 0.364592455032, 0.289668682549, -0.0520344089169, 1.15867473019
30735.96, 86.06, -31.4124912944, 0.295939969177, 0.185729953765, -0.157062456472, 0.742919815062
30908.72, 86.38, -39.9847702402, 0.178278489004, 0.00827773350596, -0.199923851201, 0.0331109340239
31082.12, 86.7, -32.7307378849, 0.0584327440631, -0.172450883905, -0.163653689425, -0.689803535622
31256.16, 87.02, -12.5216017796, -0.0159079855692, -0.284921978354, -0.0626080088982, -1.13968791342
31430.84, 87.34, 12.6436905462, -0.0150656909505, -0.284618536426, 0.0632184527311, -1.1384741457
31606.16, 87.66, 32.8045028819, 0.0608795579927, -0.171660663011, 0.164022514409, -0.686642652044
31782.12, 87.98, 39.9810146559, 0.182121304822, 0.00924195723247, 0.19990507328, 0.0369678289299
31958.72, 88.3, 31.3327016209, 0.300924354928, 0.186486532392, 0.156663508105, 0.745946129569
32135.96, 88.62, 10.2826394505, 0.370518770558, 0.289918155836, 0.0514131972526, 1.15967262335
32313.84, 88.94, -14.8373786547, 0.363611808978, 0.278597713468, -0.0741868932735, 1.11439085387
32492.36, 89.26, -34.0846364047, 0.283190621614, 0.157005932421, -0.170423182023, 0.628023729684
32671.52, 89.58, -39.8409058837, 0.161339914165, -0.0267301287526, -0.199204529418, -0.10692051501
32851.32, 89.9, -29.8278067945, 0.0465425478791, -0.199886178181, -0.149139033973, -0.799544712725
33031.76, 90.22, -8.00860871003, -0.0155103882702, -0.293925582405, -0.0400430435502, -1.17570232962
33212.84, 90.54, 16.9804646488, -4.49825374271e-06, -0.271626747381, 0.0849023232438, -1.08650698952
33394.56, 90.86, 35.2485260334, 0.0871761725343, -0.141815741199, 0.176242630167, -0.567262964794
33576.92, 91.18, 39.5649217573, 0.211778092365, 0.0441271385475, 0.197824608787, 0.17650855419
33759.92, 91.5, 28.2211857718, 0.324736081648, 0.212604122472, 0.141105928859, 0.850416489886
33943.56, 91.82, 5.7072650227, 0.381593727293, 0.296930590939, 0.0285363251135, 1.18772236376
34127.84, 92.14, -19.0656396441, 0.36009960819, 0.263729412285, -0.0953281982207, 1.05491764914
34312.76, 92.46, -36.2922023825, 0.269014596471, 0.126141894707, -0.181461011913, 0.504567578827
34498.32, 92.78, -39.1540035065, 0.144644229991, -0.061373655013, -0.195770017532, -0.245494620052
34684.52, 93.1, -26.5183178509, 0.0364686724198, -0.22459699137, -0.132591589255, -0.898387965481
34871.36, 93.42, -3.38645700244, -0.0124419553403, -0.29892293301, -0.0169322850122, -1.19569173204
35058.84, 93.74, 21.0857922591, 0.0175249055775, -0.254932641634, 0.105428961295, -1.01973056654
35246.96, 94.06, 37.2121060477, 0.114761434806, -0.110037847791, 0.186060530239, -0.440151391163
35435.72, 94.38, 38.6095525466, 0.241033906529, 0.0784108597942, 0.193047762733, 0.313643439177
35625.12, 94.7, 24.7250105751, 0.346615922545, 0.235823883817, 0.123625052875, 0.943295535268
35815.16, 95.02, 1.05409964528, 0.38997054256, 0.29989581384, 0.0052704982264, 1.19958325536
36005.84, 95.34, -23.0340328674, 0.354190957574, 0.24526643636, -0.115170164337, 0.981065745442
36197.16, 95.66, -38.005099745, 0.253692348315, 0.0935585224718, -0.190025498725, 0.374234089887
36389.12, 95.98, -37.9334256996, 0.128506234411, -0.0951806483833, -0.189667128498, -0.380722593533
36581.72, 96.3, -22.8473799262, 0.0284356592842, -0.246246511074, -0.114236899631, -0.984986044295
36774.96, 96.62, 1.28185266434, -0.00665727697914, -0.299845915469, 0.00640926332171, -1.19938366187
36968.84, 96.94, 24.9037170948, 0.0373708249606, -0.234763762559, 0.124518585474, -0.939055050236
37163.36, 97.26, 38.6684790103, 0.143346586241, -0.0767601206385, 0.193342395052, -0.307040482554
37358.52, 97.58, 37.1279288612, 0.269577218854, 0.111625828281, 0.185639644306, 0.446503313126
37554.32, 97.9, 20.8918294668, 0.366352884872, 0.255829327308, 0.104459147334, 1.02331730923
37750.76, 98.22, -3.61343328158, 0.395622272047, 0.298773408071, -0.0180671664079, 1.19509363228
37947.84, 98.54, -26.6884684799, 0.346053626038, 0.223460439057, -0.1334423424, 0.893841756227
38145.56, 98.86, -39.1999814228, 0.237519954916, 0.0596999323737, -0.195999907114, 0.238799729495
38343.92, 99.18, -36.1958091368, 0.113233123966, -0.127690314051, -0.180979045684, -0.510761256204
38542.92, 99.5, -18.8650285008, 0.0226402327866, -0.26453965082, -0.0943251425042, -1.05815860328
38742.56, 99.82, 5.93269047103, 0.00185203374731, -0.296681949379, 0.0296634523551, -1.18672779752
38942.84, 100.14, 28.3822002201, 0.0593499898297, -0.211395015255, 0.141911001101, -0.845580061022
39143.76, 100.46, 39.597794321, 0.17262923962, -0.0424361405695, 0.197988971605, -0.169744562278
39345.32, 100.78, 35.1402454727, 0.297106212395, 0.143319318592, 0.175701227364, 0.573277274367
39547.52, 101.1, 16.7738893284, 0.383765183667, 0.2723477755, 0.0838694466419, 1.089391102
39750.36, 101.42, -8.23171452569, 0.398559114803, 0.293578672204, -0.0411585726284, 1.17431468882
39953.84, 101.74, -29.9791359307, 0.335885759774, 0.19860863966, -0.149895679654, 0.794434558641
40157.96, 102.06, -39.8605609844, 0.220805081665, 0.0250276224971, -0.199302804922, 0.100110489989
40362.72, 102.38, -33.9648378143, 0.099120306673, -0.15845953999, -0.169824189071, -0.633838159962
40568.12, 102.7, -14.6255436717, 0.0192486185717, -0.279227072142, -0.0731277183586, -1.11690828857
40774.16, 103.02, 10.5026647426, 0.0130572265911, -0.289474160113, 0.0525133237131, -1.15789664045
40980.84, 103.34, 31.4738293448, 0.0832500536362, -0.185144919546, 0.157369146724, -0.740579678183
41188.16, 103.66, 39.987385261, 0.20229750066, -0.00753374900941, 0.199936926305, -0.0301349960376
41396.12, 103.98, 32.6735948287, 0.323332895535, 0.173059343303, 0.163367974144, 0.692237373211
41604.72, 104.3, 12.4273183529, 0.398702719507, 0.28515407926, 0.0621365917644, 1.14061631704
41813.96, 104.62, -12.7377961633, 0.398828274222, 0.284382411333, -0.0636889808165, 1.13752964533
42023.84, 104.94, -32.8611828876, 0.32391318149, 0.171049772234, -0.164305914438, 0.684199088938
42234.36, 105.26, -39.9778346232, 0.20386278804, -0.00998581794066, -0.199889173116, -0.0399432717626
42445.52, 105.58, -31.2709202336, 0.0864473755647, -0.187068936653, -0.156354601168, -0.748275746611
42657.32, 105.9, -10.1867103059, 0.0183942779322, -0.290108583102, -0.0509335515297, -1.16043433241
42869.76, 106.22, 14.9294859873, 0.0268928059929, -0.278320791011, 0.0746474299364, -1.11328316404
43082.84, 106.54, 34.1364650615, 0.108832487667, -0.156371268499, 0.170682325308, -0.625485073998
43296.56, 106.86, 39.8319416427, 0.232034219183, 0.0274713287738, 0.199159708214, 0.109885315095
43510.92, 107.18, 29.7615977783, 0.347987027364, 0.200440541045, 0.148807988892, 0.801762164181
43725.92, 107.5, 7.91136100901, 0.411049124391, 0.294073686587, 0.039556805045, 1.17629474635
43941.56, 107.82, -17.0702595695, 0.396513314659, 0.271309971989, -0.0853512978475, 1.08523988795
44157.84, 108.14, -35.2953265824, 0.310386312414, 0.14115946862, -0.176476632912, 0.564637874481
44374.76, 108.46, -39.5502038802, 0.187011233295, -0.0448631500574, -0.197751019401, -0.17945260023
44592.32, 108.78, -28.1507749292, 0.0754742977913, -0.213128553313, -0.140753874646, -0.852514213252
44810.52, 109.1, -5.60903042351, 0.0201760887097, -0.297035866935, -0.0280451521175, -1.18814346774
45029.36, 109.42, 19.1528159121, 0.0432574237975, -0.263373864304, 0.0957640795606, -1.05349545722
45248.84, 109.74, 36.3338152128, 0.135835832229, -0.125466251656, 0.181669076064, -0.501865006623
45468.96, 110.06, 39.1335821878, 0.261521311921, 0.0621019678822, 0.195667910939, 0.248407871529
45689.72, 110.38, 26.4439453144, 0.370819801097, 0.225089701645, 0.132219726572, 0.90035880658
45911.12, 110.7, 3.28757052911, 0.420723347856, 0.298985021784, 0.0164378526456, 1.19594008713
46133.16, 111.02, -21.1700525642, 0.391733022428, 0.254539533642, -0.105850262821, 1.01815813457
46355.84, 111.34, -37.2483892409, 0.295576759009, 0.109345138513, -0.186241946205, 0.437380554051
46579.16, 111.66, -38.5834974322, 0.1705673399, -0.0791289901493, -0.192917487161, -0.316515960597
46803.12, 111.98, -24.6469299884, 0.0664378712256, -0.236283193162, -0.123234649942, -0.945132772647
47027.72, 112.3, -0.954898545034, 0.0246569975738, -0.299914503639, -0.00477449272517, -1.19965801456
47252.96, 112.62, 23.1150898441, 0.062015260645, -0.244837109033, 0.11557544922, -0.97934843613
47478.84, 112.94, 38.0359295591, 0.163979260389, -0.0928511094159, 0.190179647796, -0.371404437664
47705.36, 113.26, 37.901825649, 0.290444098052, 0.0958861470778, 0.189509128245, 0.383544588311
47932.52, 113.58, 22.7658575792, 0.391607235359, 0.246670853038, 0.113829287896, 0.986683412151
48160.32, 113.9, -1.38103007127, 0.427680761702, 0.299821142553, -0.00690515035635, 1.19928457021
48388.76, 114.22, -24.9812943026, 0.384639786729, 0.234299680094, -0.124906471513, 0.937198720375
48617.84, 114.54, -38.6937503018, 0.279773610934, 0.0760404164006, -0.193468751509, 0.304161665602
48847.56, 114.86, -37.0908916449, 0.154842473834, -0.112316289248, -0.185454458224, -0.449265156993
49077.92, 115.18, -20.8071433872, 0.0595484968698, -0.256217254695, -0.104035716936, -1.02486901878
49308.92, 115.5, 3.71224875576, 0.0318631620483, -0.298705256927, 0.0185612437788, -1.19482102771
49540.56, 115.82, 26.7623013456, 0.0829978772112, -0.222963184183, 0.133811506728, -0.891852736733
49772.84, 116.14, 39.2196080053, 0.192966405688, -0.0589703914679, 0.196098040027, -0.235881565872
50005.76, 116.46, 36.1534610683, 0.318495588339, 0.128363382509, 0.180767305341, 0.513453530035
50239.32, 116.78, 18.7774675061, 0.410153227083, 0.264889840624, 0.0938873375305, 1.0595593625
50473.52, 117.1, -6.03080700739, 0.431913768289, 0.296570652433, -0.0301540350369, 1.18628260973
50708.36, 117.42, -28.4520369406, 0.375417522557, 0.210866283836, -0.142260184703, 0.843465135343
50943.84, 117.74, -39.611709259, 0.263279500705, 0.0416992510575, -0.198058546295, 0.16679700423
51179.96, 118.06, -35.0927309778, 0.140138200616, -0.143972699075, -0.175463654889, -0.575890796301
51416.72, 118.38, -16.6837520408, 0.0549873110557, -0.272659033416, -0.0834187602039, -1.09063613367
51654.12, 118.7, 8.32879750284, 0.0417835939807, -0.293424609029, 0.0416439875142, -1.17369843612
51892.16, 119.02, 30.0447383314, 0.106006510063, -0.198050234906, 0.150223691657, -0.792200939622
52130.84, 119.34, 39.8687168219, 0.222489401665, -0.0242858975025, 0.199343584109, -0.09714359001
52370.16, 119.66, 33.9123189388, 0.345380669453, 0.159091004179, 0.169561594694, 0.636364016717
52610.12, 119.98, 14.5331374998, 0.426292224428, 0.279498336642, 0.0726656874992, 1.11799334657
52850.72, 120.3, -10.5983830641, 0.433451904089, 0.289277856133, -0.0529919153204, 1.15711142453
53091.96, 120.62, -31.5349736921, 0.364279163911, 0.184558745867, -0.157674868461, 0.738234983467
53333.84, 120.94, -39.9897541828, 0.246406478765, 0.00678971814701, -0.199948770914, 0.027158872588
53576.36, 121.26, -32.6162506856, 0.126742174919, -0.173666737621, -0.163081253428, -0.694666950483
53819.52, 121.58, -12.3329584432, 0.052903716527, -0.285384425209, -0.0616647922161, -1.14153770084
54063.32, 121.9, 12.8318233867, 0.0543703093115, -0.284144536033, 0.0641591169333, -1.13657814413
54307.76, 122.22, 32.9176606519, 0.130814780836, -0.170437828746, 0.16458830326, -0.681751314985
54552.84, 122.54, 39.9744085501, 0.252233078128, 0.0107296171919, 0.199872042751, 0.0429184687678
54798.56, 122.86, 31.208946392, 0.370820126409, 0.187650189613, 0.15604473196, 0.750600758452
55044.92, 123.18, 10.0907184681, 0.439891483278, 0.290297224918, 0.0504535923403, 1.16118889967
55291.92, 123.5, -15.0215014376, 0.432361437101, 0.278042155651, -0.0751075071878, 1.1121686226
55539.56, 123.82, -34.1880836283, 0.351463761469, 0.155735642204, -0.170940418142, 0.622942568815
55787.84, 124.14, -39.8227322594, 0.229471760183, -0.028212359725, -0.199113661297, -0.1128494389
56036.76, 124.46, -29.6952055969, 0.11492421979, -0.200993670314, -0.148476027984, -0.803974681258
56286.32, 124.78, -7.81406461816, 0.0534133460556, -0.294219980917, -0.0390703230908, -1.17687992367
56536.52, 125.1, 17.1599494328, 0.0695389821056, -0.270991526842, 0.0857997471638, -1.08396610737
56787.36, 125.42, 35.3419099092, 0.157171781808, -0.140502327288, 0.176709549546, -0.562009309151
57038.84, 125.74, 39.5352425946, 0.281879256974, 0.0455988854607, 0.197676212973, 0.182395541843
57290.96, 126.06, 28.080190835, 0.394554448315, 0.213651672472, 0.140400954175, 0.854606689889
57543.72, 126.38, 5.510761304, 0.450852876566, 0.297139314849, 0.02755380652, 1.1885572594
57797.12, 126.7, -19.2398743057, 0.428744463607, 0.26301669541, -0.0961993715284, 1.05206678164
58051.16, 127.02, -36.3752044296, 0.337233224289, 0.124789836433, -0.181876022148, 0.499159345733
58305.84, 127.34, -39.1129200247, 0.212793400967, -0.0628298985499, -0.195564600123, -0.2513195942
58561.16, 127.66, -26.3694100309, 0.104932648918, -0.225581026624, -0.131847050154, -0.902324106494
58817.12, 127.98, -3.1886638227, 0.0565964863481, -0.299045270478, -0.0159433191135, -1.19618108191
59073.72, 128.3, 21.2541825799, 0.0871700939281, -0.254144859108, 0.106270912899, -1.01657943643
59330.96, 128.62, 37.2844431919, 0.184805495814, -0.108651756279, 0.18642221596, -0.434607025116
59588.84, 128.94, 38.5572048588, 0.311111089008, 0.0798466335115, 0.192786024294, 0.319386534046
59847.36, 129.26, 24.5686977143, 0.416347365547, 0.236741048321, 0.122843488571, 0.946964193284
60106.52, 129.58, 0.855691567943, 0.459114231759, 0.299931347639, 0.00427845783972, 1.19972539056
60366.32, 129.9, -23.1960045609, 0.422737516583, 0.244406274875, -0.115980022804, 0.977625099499
60626.76, 130.22, -38.0665252842, 0.321868749944, 0.0921431249156, -0.190332626421, 0.368572499662
60887.84, 130.54, -37.8699923349, 0.196685962901, -0.0965910556488, -0.189349961674, -0.386364222595
61149.56, 130.86, -22.6841951216, 0.0969908820756, -0.247093676887, -0.113420975608, -0.988374707546
61411.92, 131.18, 1.48019897876, 0.0624969837249, -0.299794524413, 0.00740099489382, -1.19917809765
61674.92, 131.5, 25.058717765, 0.1071105629, -0.23383415565, 0.125293588825, -0.935336622601
61938.56, 131.82, 38.7187834559, 0.213426503881, -0.0753202441782, 0.193593917279, -0.301280976713
62202.84, 132.14, 37.0536261558, 0.339617372649, 0.113006058974, 0.185268130779, 0.452024235895
62467.76, 132.46, 20.7223292517, 0.435989070143, 0.256603605214, 0.103611646259, 1.02641442086
62733.32, 132.78, -3.81104138322, 0.464650178285, 0.298635267427, -0.0190552069161, 1.19454106971
62999.52, 133.1, -26.8359695049, 0.414509704734, 0.222464557101, -0.134179847525, 0.889858228404
63266.36, 133.42, -39.238993214, 0.305666991756, 0.0582404876338, -0.19619496607, 0.232961950535
63533.84, 133.74, -36.1108904963, 0.181456226024, -0.129035660965, -0.180554452481, -0.516142643859
63801.96, 134.06, -18.689790947, 0.0912943998767, -0.265238400185, -0.0934489547349, -1.06095360074
64070.72, 134.38, 6.12888642764, 0.071121646488, -0.296457530268, 0.0306444321382, -1.18583012107
64340.12, 134.7, 28.5216985553, 0.129175830229, -0.210336254657, 0.142608492777, -0.841345018627
64610.16, 135.02, 39.6253804101, 0.242731930059, -0.0409621049108, 0.19812690205, -0.163848419643
64880.84, 135.34, 35.0450005077, 0.36709679566, 0.144625193491, 0.175225002538, 0.578500773963
65152.16, 135.66, 16.5935120744, 0.453299075517, 0.272968613275, 0.0829675603721, 1.0918744531
65424.12, 135.98, -8.42582922109, 0.467472493331, 0.293268739996, -0.0421291461055, 1.17307495998
65696.72, 136.3, -30.1101558242, 0.404260407511, 0.197490611267, -0.150550779121, 0.789962445068
65969.96, 136.62, -39.8766272906, 0.288936015362, 0.0235440230423, -0.199383136453, 0.0941760921693
66243.84, 136.94, -33.8595913528, 0.167399007163, -0.159721489255, -0.169297956764, -0.638885957022
66518.36, 137.26, -14.440641885, 0.0880080793387, -0.279767880992, -0.0722032094249, -1.11907152397
66793.52, 137.58, 10.6940361587, 0.0824401521225, -0.289079771816, 0.0534701807933, -1.15631908727
67069.32, 137.9, 31.59592396, 0.153152375776, -0.183971436336, 0.1579796198, -0.735885745344
67345.76, 138.22, 39.9918769909, 0.272409569668, -0.00604564549785, 0.199959384954, -0.0241825819914
67622.84, 138.54, 32.5587058084, 0.393262042081, 0.174273063121, 0.162793529042, 0.697092252484
67900.56, 138.86, 12.2385226314, 0.468128676522, 0.285613014784, 0.0611926131568, 1.14245205913
68178.92, 139.18, -12.9257716376, 0.467629941325, 0.283904911988, -0.0646288581881, 1.13561964795
68457.92, 139.5, -32.9739358272, 0.392216557542, 0.169824836313, -0.164869679136, 0.67929934525
68737.56, 139.82, -39.9707364579, 0.271991099728, -0.0114733504087, -0.199853682289, -0.0458934016348
69017.84, 140.14, -31.1467804775, 0.154793141536, -0.188230287696, -0.155733902388, -0.752921150782
69298.76, 140.46, -9.99466452771, 0.0872639465845, -0.290484080123, -0.0499733226385, -1.16193632049
69580.32, 140.78, 15.1134244392, 0.0963854605974, -0.277761809104, 0.0755671221962, -1.11104723642
69862.52, 141.1, 34.2394917873, 0.178800628369, -0.155099057446, 0.171197458937, -0.620396229784
70145.36, 141.42, 39.8132777903, 0.302142144697, 0.0289532170456, 0.199066388951, 0.115812868182
70428.84, 141.74, 29.6286306587, 0.41784370839, 0.201545562585, 0.148143153294, 0.806182250338
70712.96, 142.06, 7.71672013629, 0.480362976329, 0.294364464493, 0.0385836006815, 1.17745785797
70997.72, 142.38, -17.2495336865, 0.465207609266, 0.2706714139, -0.0862476684325, 1.0826856556
71283.12, 142.7, -35.3882757272, 0.378629547497, 0.139844321245, -0.176941378636, 0.559377284981
71569.16, 143.02, -39.5200379927, 0.255150439847, -0.0463343402294, -0.197600189963, -0.185337360918
71855.84, 143.34, -28.0094339235, 0.14389768218, -0.21417347673, -0.140047169618, -0.85669390692
72143.16, 143.66, -5.41245826896, 0.0891593773042, -0.297240934044, -0.0270622913448, -1.18896373617
72431.12, 143.98, 19.326814289, 0.112854728132, -0.262657907802, 0.0966340714451, -1.05063163121
72719.72, 144.3, 36.4163697783, 0.205858231199, -0.124112653202, 0.182081848891, -0.496450612807
73008.96, 144.62, 39.0920171443, 0.331611628357, 0.0635574425363, 0.195460085722, 0.254229770145
73298.84, 144.94, 26.294712459, 0.440593975521, 0.226070963282, 0.131473562295, 0.904283853129
73589.36, 145.26, 3.08973749192, 0.489922452482, 0.299103678723, 0.0154486874596, 1.19641471489
73880.52, 145.58, -21.3381817885, 0.460325746973, 0.25374862046, -0.106690908942, 1.01499448184
74172.32, 145.9, -37.3202676789, 0.363771803571, 0.107957705357, -0.186601338395, 0.431830821429
74464.76, 146.22, -38.5306749883, 0.238730809691, -0.0805637854642, -0.192653374941, -0.322255141857
74757.84, 146.54, -24.4903142341, 0.134948369015, -0.237197446477, -0.12245157117, -0.948789785908
75051.56, 146.86, -0.75647932457, 0.0937557695092, -0.299946345736, -0.00378239662285, -1.19978538294
75345.92, 147.18, 23.2767765198, 0.131710708974, -0.243973936539, 0.116383882599, -0.975895746155
75640.92, 147.5, 38.096886732, 0.234043617781, -0.091434573328, 0.19048443366, -0.365738293312
75936.56, 147.82, 37.8379259529, 0.360503579839, 0.0972953697581, 0.189189629765, 0.389181479032
76232.84, 148.14, 22.602393056, 0.461289986678, 0.247514980018, 0.11301196528, 0.99005992007
76529.76, 148.46, -1.57935877649, 0.496764040808, 0.299766061212, -0.00789679388247, 1.19906424485
76827.32, 148.78, -25.1359870056, 0.453138128062, 0.233367192094, -0.125679935028, 0.933468768374
77125.52, 149.1, -38.7435783183, 0.347933072269, 0.0745996084036, -0.193717891592, 0.298398433614
77424.36, 149.42, -37.0161326232, 0.223043244525, -0.113695133213, -0.185080663116, -0.454780532851
77723.84, 149.74, -20.6373875824, 0.128154415675, -0.256988376488, -0.103186937912, -1.02795350595
78023.96, 150.06, 3.90981055593, 0.101077706667, -0.29856344, 0.0195490527796, -1.19425376
78324.72, 150.38, 26.9094725044, 0.152783626081, -0.221964560879, 0.134547362522, -0.887858243516
78626.12, 150.7, 39.2581369295, 0.263059849758, -0.0575102253633, 0.196290684648, -0.230040901453
78928.16, 151.02, 36.0680976828, 0.388511430188, 0.129707145281, 0.180340488414, 0.518828581125
79230.84, 151.34, 18.6019993631, 0.479736884905, 0.265585327358, 0.0930099968154, 1.06234130943
79534.16, 151.66, -6.22692812817, 0.500881722386, 0.296342583579, -0.0311346406408, 1.18537033432
79838.12, 151.98, -28.5911846356, 0.443829953987, 0.209804930981, -0.142955923178, 0.839219723922
80142.72, 152.3, -39.63880769, 0.331416471111, 0.0402247066663, -0.19819403845, 0.160898826665
80447.96, 152.62, -34.9970543559, 0.208388801452, -0.145276797822, -0.17498527178, -0.581107191289
80753.84, 152.94, -16.5031699846, 0.123695657886, -0.273276513171, -0.0825158499232, -1.09310605268
81060.36, 153.26, 8.52280908327, 0.111112622623, -0.293111066065, 0.0426140454164, -1.17244426426
81367.52, 153.58, 30.1753880065, 0.175873485207, -0.196929772189, 0.150876940033, -0.787719088755
81675.32, 153.9, 39.8842923418, 0.292598664212, -0.0228020036824, 0.199421461709, -0.0912080147295
81983.76, 154.22, 33.8066553807, 0.415340660893, 0.160350991339, 0.169033276903, 0.641403965356
82292.84, 154.54, 14.3480573964, 0.495770469022, 0.280035703533, 0.0717402869818, 1.12014281413
82602.56, 154.86, -10.7896234377, 0.502306605588, 0.288879908382, -0.0539481171884, 1.15551963353
82912.92, 155.18, -31.6566797734, 0.432615329712, 0.183382994568, -0.158283398867, 0.733531978274
83223.92, 155.5, -39.9937536723, 0.314534357094, 0.00530153564127, -0.199968768361, 0.0212061425651
83535.56, 155.82, -32.5009605513, 0.195054455952, -0.174878316072, -0.162504802757, -0.699513264289
83847.84, 156.14, -12.1440114985, 0.121720102283, -0.285839846576, -0.0607200574927, -1.1433593863
84160.76, 156.46, 13.019640338, 0.123810972884, -0.283663540674, 0.0650982016899, -1.1346541627
84474.32, 156.78, 33.0300080671, 0.200752800863, -0.169210798706, 0.165150040336, -0.676843194823
84788.52, 157.1, 39.966818369, 0.322344675342, 0.0122170130136, 0.199834091845, 0.0488680520546
85103.36, 157.42, 31.0844228728, 0.44071281822, 0.18880922733, 0.155422114364, 0.755236909321
85418.84, 157.74, 9.89854907601, 0.509259431712, 0.290669147568, 0.04949274538, 1.16267659027
85734.96, 158.06, -15.2052544266, 0.501106502063, 0.277479753095, -0.076026272133, 1.10991901238
86051.72, 158.38, -34.2906892223, 0.419734345429, 0.154461518144, -0.171453446111, 0.617846072575
86369.12, 158.7, -39.8035782936, 0.297604069216, -0.029693896176, -0.199017891468, -0.118775584704
86687.16, 159.02, -29.5618733736, 0.183309190361, -0.202096214459, -0.147809366868, -0.808384857837
87005.84, 159.34, -7.61932816251, 0.122341909048, -0.294507136428, -0.0380966408126, -1.17802854571
87325.16, 159.66, 17.3390117794, 0.139086909912, -0.270349635133, 0.0866950588971, -1.08139854053
87645.12, 159.98, 35.4344237509, 0.227169696972, -0.139185454542, 0.177172118754, -0.55674181817
87965.72, 160.3, 39.5045901679, 0.351979673225, 0.0470695098372, 0.197522950839, 0.188278039349
88286.96, 160.62, 27.9385046304, 0.464369308583, 0.214693962875, 0.139692523152, 0.858775851499
88608.84, 160.94, 5.31412192339, 0.520107149262, 0.297340723893, 0.026570609617, 1.18936289557
88931.36, 161.26, -19.4136353271, 0.497385002458, 0.262297503687, -0.0970681766354, 1.04919001475
89254.52, 161.58, -36.4573110053, 0.405449804086, 0.123434706129, -0.182286555027, 0.493738824516
89578.32, 161.9, -39.0708736754, 0.280943603091, -0.0642845953635, -0.195354368377, -0.257138381454
89902.76, 162.22, -26.2198530584, 0.173400327596, -0.226559508606, -0.131099265292, -0.906238034423
90227.84, 162.54, -2.99079214561, 0.125639835894, -0.299160246159, -0.014953960728, -1.19664098463
90553.56, 162.86, 21.422049673, 0.156819453242, -0.253350820137, 0.107110248365, -1.01340328055
90879.92, 163.18, 37.3558624814, 0.254851339988, -0.107262990018, 0.186779312407, -0.429051960073
91206.92, 163.5, 38.5039079839, 0.381186961062, 0.0812804415937, 0.192519539919, 0.325121766375
91534.56, 163.82, 24.4117800303, 0.486074923214, 0.237652384821, 0.122058900151, 0.950609539284
91862.84, 164.14, 0.657262425506, 0.528252998559, 0.299959497838, 0.00328631212753, 1.19983799135
92191.76, 164.46, -23.3574052237, 0.491280064457, 0.243540096685, -0.116787026118, 0.974160386741
92521.32, 164.78, -38.1270137157, 0.390043639343, 0.0907254590138, -0.190635068578, 0.362901836055
92851.52, 165.1, -37.8056267006, 0.264867276619, -0.0979990850711, -0.189028133503, -0.391996340284
93182.36, 165.42, -22.5204518858, 0.165550160108, -0.247934759838, -0.112602259429, -0.991739039352
93513.84, 165.74, 1.67850885419, 0.131656164583, -0.299735753125, 0.00839254427096, -1.1989430125
93845.96, 166.06, 25.2131015488, 0.176854138468, -0.232898792298, 0.126065507744, -0.931595169191
94178.72, 166.38, 38.7681347366, 0.283507657659, -0.0738785135118, 0.193840673683, -0.295514054047
94512.12, 166.7, 36.9784112778, 0.409655671816, 0.114383507725, 0.184892056389, 0.457534030898
94846.16, 167.02, 20.5523189019, 0.505621044098, 0.257371566147, 0.10276159451, 1.02948626459
95180.84, 167.34, -4.00855566603, 0.533673183393, 0.298489775089, -0.0200427783302, 1.19395910036
95516.16, 167.66, -26.9828098918, 0.482962132396, 0.221463198594, -0.134914049459, 0.885852794378
95852.12, 167.98, -39.2770390341, 0.373813072767, 0.0567796091509, -0.19638519517, 0.227118436603
96188.72, 168.3, -36.0250828911, 0.249681445783, -0.130377831326, -0.180125414456, -0.521511325304
96525.96, 168.62, -18.5140932947, 0.159952919995, -0.265930620008, -0.0925704664736, -1.06372248003
96863.84, 168.94, 6.32493150558, 0.140396124617, -0.296225813074, 0.0316246575279, -1.1849032523
97202.36, 169.26, 28.6604947538, 0.199005122615, -0.209272316077, 0.143302473769, -0.837089264309
97541.52, 169.58, 39.6519910162, 0.312835292759, -0.0394870608621, 0.198259955081, -0.157948243448
97881.32, 169.9, 34.9488928177, 0.437085005373, 0.14592750806, 0.174744464088, 0.583710032239
98221.76, 170.22, 16.4127263275, 0.522828487472, 0.273582731209, 0.0820636316374, 1.09433092483
98562.84, 170.54, -8.61973649252, 0.536381058804, 0.292951588206, -0.0430986824626, 1.17180635282
98904.56, 170.86, -30.2404344769, 0.472631814082, 0.196367721122, -0.151202172385, 0.78547088449
99246.92, 171.18, -39.8917119285, 0.35706656266, 0.0220598439894, -0.199458559643, 0.0882393759576
99589.92, 171.5, -33.7535113483, 0.235680328963, -0.160979506556, -0.168767556742, -0.643918026222
99933.56, 171.82, -14.2553846038, 0.156772131588, -0.280301802618, -0.0712769230191, -1.12120721047
100277.84, 172.14, 10.8851443128, 0.15182782196, -0.28867826706, 0.0544257215642, -1.15471306824
100622.76, 172.46, 31.7172407584, 0.22305771721, -0.182793424185, 0.158586203792, -0.731173696741
100968.32, 172.78, 39.9953842154, 0.342521737895, -0.00455739315682, 0.199976921077, -0.0182295726273
101314.52, 173.1, 32.4430152698, 0.463188328499, 0.175482492749, 0.162215076349, 0.701929970996
101661.36, 173.42, 12.0494256264, 0.537549946127, 0.286064919191, 0.060247128132, 1.14425967676
102008.84, 173.74, -13.1134289101, 0.536426949051, 0.283420423576, -0.0655671445503, 1.1336816943
102356.96, 174.06, -33.0858770265, 0.46051714647, 0.168595719705, -0.165429385133, 0.674382878821
102705.72, 174.38, -39.9626543077, 0.340119599713, -0.01296060043, -0.199813271538, -0.05184240172
103055.12, 174.7, -31.0218739614, 0.223141996697, -0.189387004954, -0.155109369807, -0.757548019817
103405.16, 175.02, -9.8023727045, 0.15613838259, -0.290852426114, -0.0490118635225, -1.16340970446
103755.84, 175.34, 15.2969908345, 0.165882673761, -0.277195989359, 0.0764849541724, -1.10878395744
104107.16, 175.66, 34.341675618, 0.24877131452, -0.153823028221, 0.17170837809, -0.615292112883
104459.12, 175.98, 39.7936338291, 0.372249595038, 0.0304343925577, 0.198968169146, 0.121737570231
104811.72, 176.3, 29.4949341523, 0.4876970817, 0.202645622549, 0.147474670762, 0.810582490197
105164.96, 176.62, 7.5218892962, 0.549671997229, 0.294647995844, 0.037609446481, 1.17859198337
105518.84, 176.94, -17.4283831608, 0.533897461681, 0.270026192521, -0.0871419158041, 1.08010477008
105873.36, 177.26, -35.4803536964, 0.446870487489, 0.138525731234, -0.177401768482, 0.554102924937
106228.52, 177.58, -39.4888992153, 0.323290406827, -0.0478043897597, -0.197444496077, -0.191217559039
106584.32, 177.9, -27.8674033919, 0.212324581531, -0.215213127703, -0.13933701696, -0.860852510812
106940.76, 178.22, -5.2157528725, 0.158147544144, -0.297438683784, -0.0260787643625, -1.18975473513
107297.84, 178.54, 19.5003368855, 0.182456343144, -0.261935485284, 0.0975016844276, -1.04774194114
107655.56, 178.86, 36.4980278589, 0.275882667075, -0.122755999388, 0.182490139294, -0.491023997551
108013.92, 179.18, 39.049489748, 0.401700901704, 0.0650113525566, 0.19524744874, 0.260045410226
108372.92, 179.5, 26.1448322899, 0.510364439725, 0.227046659588, 0.13072416145, 0.90818663835
108732.56, 179.82, 2.89182839271, 0.559116648292, 0.299214972438, 0.0144591419636, 1.19685988975
109092.84, 180.14, -21.5057857173, 0.528914307058, 0.252951460588, -0.107528928586, 1.01180584235
109453.76, 180.46, -37.3912273803, 0.431965076359, 0.106567614538, -0.186956136902, 0.426270458153
109815.32, 180.78, -38.4769040104, 0.306895601674, -0.0819965974895, -0.192384520052, -0.327986389958
110177.52, 181.1, -24.3330955862, 0.203462759631, -0.238105860553, -0.121665477931, -0.952423442211
110540.36, 181.42, -0.558041481375, 0.162859464091, -0.299970803864, -0.00279020740688, -1.19988321546
110903.84, 181.74, 23.4378901763, 0.201410161344, -0.243104757984, 0.117189450882, -0.972419031937
111267.96, 182.06, 38.1569060498, 0.304109475775, -0.0900157863373, 0.190784530249, -0.360063145349
111632.72, 182.38, 37.7730947767, 0.430561464838, 0.0987021972568, 0.188865473883, 0.394808789027
111998.12, 182.7, 22.4383721153, 0.530968675843, 0.248353013764, 0.112191860577, 0.993412055058
112364.16, 183.02, -1.77764860164, 0.565842400226, 0.29970360034, -0.00888824300822, 1.19881440136
112730.84, 183.34, -25.2900609201, 0.52163263943, 0.232428959146, -0.1264503046, 0.929715836583
113098.16, 183.66, -38.7924525596, 0.416091309294, 0.0731569639409, -0.193962262798, 0.292627855763
113466.12, 183.98, -36.9404623519, 0.291245881152, -0.115071178272, -0.18470231176, -0.46028471309
113834.72, 184.3, -20.4671237339, 0.19676455211, -0.257753171835, -0.102335618669, -1.03101268734
114203.96, 184.62, 4.10727610582, 0.170297151235, -0.298414273148, 0.0205363805291, -1.19365709259
114573.84, 184.94, 27.0559812158, 0.222573017778, -0.220960473333, 0.135279906079, -0.883841893331
114944.36, 185.26, 39.2956994113, 0.333154237671, -0.056048643493, 0.196478497057, -0.224194573972
115315.52, 185.58, 35.981846386, 0.458525143314, 0.131047714971, 0.17990923193, 0.524190859884
115687.32, 185.9, 18.4260732829, 0.549316184007, 0.26627427601, 0.0921303664144, 1.06509710404
116059.76, 186.22, -6.42289595672, 0.569844812981, 0.296107219472, -0.0321144797836, 1.18442887789
116432.84, 186.54, -28.7296284833, 0.51223894215, 0.208738413225, -0.143648142417, 0.834953652899
116806.56, 186.86, -39.6649303074, 0.399552781359, 0.0387491720381, -0.198324651537, 0.154996688152
117180.92, 187.18, -34.9005161894, 0.276641786534, -0.146577320198, -0.174502580947, -0.586309280793
117555.92, 187.5, -16.3221816595, 0.192408489664, -0.273887265504, -0.0816109082976, -1.09554906202
117931.56, 187.82, 8.71661085232, 0.180446461733, -0.292790307401, 0.0435830542616, -1.1711612296
118307.84, 188.14, 30.3052948351, 0.245743692315, -0.195804461527, 0.151526474175, -0.783217846109
118684.76, 188.46, 39.898886005, 0.362708300979, -0.0213175485309, 0.199494430025, -0.0852701941237
119062.32, 188.78, 33.7001595827, 0.485298020691, 0.161607031037, 0.168500797914, 0.646428124148
119440.52, 189.1, 14.1626240777, 0.565244117739, 0.280566176609, 0.0708131203884, 1.12226470644
119819.36, 189.42, -10.9805981963, 0.57115656606, 0.288474849091, -0.0549029909815, 1.15389939636
120198.84, 189.74, -31.7776065422, 0.500948485877, 0.182202728815, -0.158888032711, 0.72881091526
120578.96, 190.06, -39.9967686102, 0.382662148416, 0.00381322262427, -0.199983843051, 0.0152528904971
120959.72, 190.38, -32.3848703204, 0.263369607044, -0.176085589433, -0.161924351602, -0.704342357734
121341.12, 190.7, -11.9547655971, 0.190541179172, -0.286288231243, -0.0597738279853, -1.14515292497
121723.16, 191.02, 13.2071367766, 0.193256291873, -0.28317556219, 0.066035683883, -1.13270224876
122105.84, 191.34, 33.1415423617, 0.270693597936, -0.167979603096, 0.165707711808, -0.671918412384
122489.16, 191.66, 39.9582442995, 0.392456072054, 0.0137041080814, 0.199791221497, 0.0548164323256
122873.12, 191.98, 30.9591341286, 0.510602411341, 0.189963617011, 0.154795670643, 0.759854468046
123257.72, 192.3, 9.7061360051, 0.578622609755, 0.291033914633, 0.0485306800255, 1.16413565853
123642.96, 192.62, -15.3886330983, 0.569847013096, 0.276910519644, -0.0769431654914, 1.10764207857
124028.84, 192.94, -34.3924506606, 0.488002394404, 0.153183591607, -0.171962253303, 0.612734366426
124415.36, 193.26, -39.783444458, 0.365736865578, -0.0311747016335, -0.19891722229, -0.124698806534
124802.52, 193.58, -29.4278134069, 0.251697477684, -0.203193783474, -0.147139067035, -0.812775133895
125190.32, 193.9, -7.42440413704, 0.191275305419, -0.294787041872, -0.0371220206852, -1.17914816749
125578.76, 194.22, 17.5176472807, 0.20863927463, -0.269701088056, 0.0875882364034, -1.07880435222
125967.84, 194.54, 35.5260652809, 0.297169896413, -0.137865155381, 0.177630326405, -0.551460621523
126357.56, 194.86, 39.4729652316, 0.422079316983, 0.0485389754739, 0.197364826158, 0.194155901896
126747.92, 195.18, 27.7961306459, 0.534180645347, 0.21573096802, 0.138980653229, 0.86292387208
127138.92, 195.5, 5.11735172169, 0.589356542075, 0.297534813112, 0.0255867586084, 1.19013925245
127530.56, 195.82, -19.5869184307, 0.566021236547, 0.261571854821, -0.0979345921537, 1.04628741928
127922.84, 196.14, -36.5385200883, 0.473664358103, 0.122076537155, -0.182692600442, 0.488306148619
128315.76, 196.46, -39.0278654937, 0.349094860238, -0.0657377096426, -0.195139327469, -0.26295083857
128709.32, 196.78, -26.0696506152, 0.241871724514, -0.227532413229, -0.130348253076, -0.910129652918
129103.52, 197.1, -2.79284684229, 0.194688095185, -0.299267857222, -0.0139642342115, -1.19707142889
129498.36, 197.42, 21.589389406, 0.226472970487, -0.252550544269, 0.10794694703, -1.01020217708
129893.84, 197.74, 37.426362158, 0.324898944536, -0.105871583197, 0.18713181079, -0.423486332787
130289.96, 198.06, 38.4496632339, 0.451261499163, 0.0827122487439, 0.19224831617, 0.330848994976
130686.72, 198.38, 24.2542613861, 0.555798580588, 0.238557870882, 0.12127130693, 0.954231483527
131084.12, 198.7, 0.458817102824, 0.597386842496, 0.299980263745, 0.00229408551412, 1.19992105498
131482.16, 199.02, -23.5182308824, 0.55981861541, 0.242667923115, -0.117591154412, 0.970671692461
131880.84, 199.34, -38.1865635503, 0.458217039777, 0.089305559666, -0.190932817752, 0.357222238664
132280.16, 199.66, -37.7403303813, 0.333050198675, -0.0994047019879, -0.188701651907, -0.397618807952
132680.12, 199.98, -22.3561542497, 0.234113507185, -0.248769739223, -0.111780771249, -0.99507895689
133080.72, 200.3, 1.8767774087, 0.200820264631, -0.299669603053, 0.00938388704352, -1.19867841221
133481.96, 200.62, 25.3668646458, 0.246601536314, -0.231957695529, 0.126834323229, -0.927830782115
133883.84, 200.94, 38.8165316377, 0.353590023912, -0.0724349641314, 0.194082658188, -0.289739856525
134286.36, 201.26, 36.902286079, 0.479692093749, 0.115758140624, 0.184511430395, 0.463032562496
134689.52, 201.58, 20.3818026027, 0.575248794134, 0.258133191202, 0.101909013013, 1.03253276481
135093.32, 201.9, -4.2059712677, 0.60269128976, 0.29833693464, -0.0210298563385, 1.19334773856
135497.76, 202.22, -27.1289860259, 0.551410925459, 0.220456388188, -0.135644930129, 0.881825552752
135902.84, 202.54, -39.3141179464, 0.441958221926, 0.0553173328884, -0.196570589732, 0.221269331554
136308.56, 202.86, -35.9383884337, 0.317908805271, -0.131716792094, -0.179691942168, -0.526867168374
136714.92, 203.18, -18.3379398693, 0.228615804501, -0.266616293249, -0.0916896993465, -1.066465173
