0.0, 0.5, 21.6120922347, 0.169294196962, 0.252441295442, 0.108060461174, 1.00976518177
0.2, 0.1, 39.2026631136, 0.039933866159, 0.0596007992385, 0.196013315568, 0.238403196954
0.4, 0.2, 36.8424397601, 0.0782836684617, 0.116825502693, 0.184212198801, 0.46730201077
0.6, 0.3, 33.0134245964, 0.113528494679, 0.169392742019, 0.165067122982, 0.677570968074
0.8, 0.4, 27.8682683739, 0.14427121818, 0.21520682727, 0.139341341869, 0.860827309079
1.0, 0.5, 21.6120922347, 0.169294196962, 0.252441295442, 0.108060461174, 1.00976518177
1.2, 0.6, 14.4943101791, 0.187607817193, 0.27961172579, 0.0724715508953, 1.11844690316
1.4, 0.7, 6.79868571601, 0.198489945998, 0.295634918997, 0.03399342858, 1.18253967599
1.6, 0.8, -1.16798089205, 0.201514720608, 0.299872080912, -0.00583990446026, 1.19948832365
1.8, 0.9, -9.08808378772, 0.196569526176, 0.292154289263, -0.0454404189386, 1.16861715705
2.0, 1.0, -16.6458734619, 0.183859485365, 0.272789228048, -0.0832293673094, 1.09115691219
2.2, 1.1, -23.5400446902, 0.163899280764, 0.242548921146, -0.117700223451, 0.970195684584
2.4, 1.2, -29.4957486216, 0.13749263611, 0.202638954165, -0.147478743108, 0.810555816661
2.6, 1.3, -34.2755501348, 0.105700274364, 0.154650411546, -0.171377750674, 0.618601646186
2.8, 1.4, -37.6888936267, 0.0697976300312, 0.100496445047, -0.188444468134, 0.401985780187
3.0, 1.5, -39.599699864, 0.031224001612, 0.042336002418, -0.19799849932, 0.169344009672
3.2, 1.6, -39.9317910318, -0.00847482868552, -0.0175122430283, -0.199658955159, -0.0700489721131
3.4, 1.7, -38.6719277032, -0.0477082204054, -0.076662330608, -0.193359638516, -0.306649322432
3.6, 1.8, -35.8703366534, -0.084904088659, -0.132756132988, -0.179351683267, -0.531024531954
3.8, 1.9, -31.6387084766, -0.118571578189, -0.183557367283, -0.158193542383, -0.734229469131
4.0, 2.0, -26.1457448345, -0.147360499062, -0.227040748592, -0.130728724173, -0.90816299437
4.2, 2.1, -19.6104328536, -0.170115154483, -0.261472731724, -0.0980521642681, -1.0458909269
4.4, 2.2, -12.2933147991, -0.185920414778, -0.285480622167, -0.0614665739957, -1.14192248867
4.6, 2.3, -4.4861010774, -0.194138200727, -0.29810730109, -0.022430505387, -1.19242920436
4.8, 2.4, 3.49995933758, -0.194432921767, -0.298849382651, 0.0174997966879, -1.1953975306
5.0, 2.5, 11.3464874185, -0.186784854933, -0.287677282399, 0.0567324370926, -1.1507091296
5.2, 2.6, 18.740666852, -0.171490931144, -0.265036396716, 0.0937033342601, -1.06014558686
5.4, 2.7, 25.3877150377, -0.149152897511, -0.231829346267, 0.126938575189, -0.927317385067
5.6, 2.8, 31.0226351404, -0.120653327574, -0.189379991362, 0.155113175702, -0.757519965447
5.8, 2.9, 35.4207806777, -0.0871204358828, -0.139380653824, 0.177103903388, -0.557522615297
6.0, 3.0, 38.406811466, -0.0498830996398, -0.0838246494597, 0.19203405733, -0.335298597839
6.2, 3.1, 39.8616838809, -0.0104178805635, -0.0249268208452, 0.199308419405, -0.099707283381
6.4, 3.2, 39.7273967503, 0.0297098409701, 0.0349647614551, 0.198636983752, 0.139859045821
6.6, 3.3, 38.0093036783, 0.0689082727027, 0.093462409054, 0.190046518392, 0.373849636216
6.8, 3.4, 34.775899614, 0.105622670228, 0.148234005342, 0.17387949807, 0.592936021366
7.0, 3.5, 30.1560901737, 0.138397319744, 0.197095979616, 0.150780450869, 0.788383918463
7.2, 3.6, 24.3340525813, 0.16593357277, 0.238100359155, 0.121670262906, 0.952401436619
7.4, 3.7, 17.541893103, 0.187141619162, 0.269612428743, 0.0877094655149, 1.07844971497
7.6, 3.8, 10.0503937033, 0.201183934406, 0.290375901609, 0.0502519685165, 1.16150360644
7.8, 3.9, 2.15821682251, 0.207508669075, 0.299563003612, 0.0107910841125, 1.19825201445
8.0, 4.0, -5.82000135234, 0.205871649325, 0.296807473987, -0.0291000067617, 1.18722989595
8.2, 4.1, -13.5661944394, 0.196346111336, 0.282219167004, -0.0678309721968, 1.12887666802
8.4, 4.2, -20.7715461647, 0.179319781618, 0.256379672426, -0.103857730823, 1.02551868971
8.6, 4.3, -27.1488018928, 0.155479419575, 0.220319129362, -0.135744009464, 0.881276517449
8.8, 4.4, -32.4437205625, 0.125783438578, 0.175475157868, -0.162218602812, 0.70190063147
9.0, 4.5, -36.4452104754, 0.0914236970484, 0.123635545573, -0.182226052377, 0.49454218229
9.2, 4.6, -38.9937448562, 0.05377798282, 0.0668669742301, -0.194968724281, 0.26746789692
9.4, 4.7, -39.9877216814, 0.0143550850907, 0.00743262763601, -0.199938608407, 0.029730510544
9.6, 4.8, -39.3875142318, -0.0252653562446, -0.0522980343669, -0.196937571159, -0.209192137468
9.8, 4.9, -37.2170508842, -0.0634958258504, -0.109943738776, -0.186085254421, -0.439774955102
10.0, 5.0, -33.5628611631, -0.0988042221779, -0.163206333267, -0.167814305815, -0.652825333067
10.2, 5.1, -28.5706260811, -0.129774937519, -0.209962406278, -0.142853130405, -0.839849625112
10.4, 5.2, -22.4393702971, -0.155165293817, -0.248347940726, -0.112196851485, -0.993391762903
10.6, 5.3, -15.4135276309, -0.173955084323, -0.276832626484, -0.0770676381544, -1.10733050594
10.8, 5.4, -7.77319625821, -0.185387246013, -0.29428086902, -0.0388659812911, -1.17712347608
11.0, 5.5, 0.177027919522, -0.18899804131, -0.299997061965, 0.000885139597609, -1.19998824786
11.2, 5.6, 8.12019455275, -0.18463554583, -0.293753318745, 0.0406009727637, -1.17501327498
11.4, 5.7, 15.7396346539, -0.172465705133, -0.275798557699, 0.0786981732696, -1.1031942308
11.6, 5.8, 22.7315851907, -0.152965718994, -0.246848578491, 0.113657925954, -0.987394313962
11.8, 5.9, 28.8172991596, -0.126905016955, -0.208057525433, 0.144086495798, -0.832230101733
12.0, 6.0, 33.7541583493, -0.0953145836001, -0.1609718754, 0.168770791746, -0.643887501601
12.2, 6.1, 37.345345763, -0.0594458564474, -0.107468784671, 0.186726728815, -0.429875138684
12.4, 6.2, 39.4476920912, -0.0207208350897, -0.0496812526345, 0.197238460456, -0.198725010538
12.6, 6.3, 39.97738342, 0.0193246094442, 0.0100869141663, 0.1998869171, 0.0403476566653
12.8, 6.4, 38.9133026279, 0.0591019650203, 0.0694529475305, 0.194566513139, 0.277811790122
13.0, 6.5, 36.297871258, 0.0970334073653, 0.126050111048, 0.18148935629, 0.504200444192
13.2, 6.6, 32.2353583056, 0.131614702941, 0.177622054412, 0.161176791528, 0.710488217649
13.4, 6.7, 26.8877233421, 0.16147517799, 0.222112766986, 0.134438616711, 0.888451067943
13.6, 6.8, 20.4681596981, 0.185432362971, 0.257748544457, 0.102340798491, 1.03099417783
13.8, 6.9, 13.232595118, 0.202539133889, 0.283108700833, 0.0661629755898, 1.13243480333
14.0, 7.0, 5.46948872831, 0.212121471139, 0.297182206708, 0.0273474436416, 1.18872882683
14.2, 7.1, -2.51166891696, 0.213805330543, 0.299407995815, -0.0125583445848, 1.19763198326
14.4, 7.2, -10.3926942485, 0.20753155531, 0.289697332965, -0.0519634712427, 1.15878933186
14.6, 7.3, -17.8593956565, 0.193558234428, 0.268437351642, -0.0892969782824, 1.07374940657
14.8, 7.4, -24.6140993182, 0.172450413475, 0.236475620213, -0.123070496591, 0.94590248085
15.0, 7.5, -30.3875165144, 0.145057568031, 0.195086352047, -0.151937582572, 0.780345408189
15.2, 7.6, -34.9494793204, 0.112479737771, 0.145919606656, -0.174747396602, 0.583678426625
15.4, 7.7, -38.1181166755, 0.0760236713491, 0.0909355070237, -0.190590583377, 0.363742028095
15.6, 7.8, -39.7671050074, 0.0371507304599, 0.0323260956898, -0.198835525037, 0.129304382759
15.8, 7.9, -39.8307043549, -0.00258137004553, -0.0275720550683, -0.199153521775, -0.110288220273
16.0, 8.0, -38.3063792129, -0.041580663333, -0.0863709949995, -0.191531896065, -0.345483979998
16.2, 8.1, -35.2548996145, -0.0782843972797, -0.14172659592, -0.176274498072, -0.566906383678
16.4, 8.2, -30.7979184217, -0.11122133647, -0.191432004704, -0.153989592108, -0.765728018818
16.6, 8.3, -25.1131214099, -0.139070415707, -0.23350562356, -0.125565607049, -0.934022494241
16.8, 8.4, -18.4271434965, -0.160713406716, -0.266270110074, -0.0921357174823, -1.0650804403
17.0, 8.5, -11.0065335221, -0.175279498376, -0.288419247564, -0.0550326676103, -1.15367699026
17.2, 8.6, -3.14712778927, -0.182180013208, -0.299070019812, -0.0157356389464, -1.19628007925
17.4, 8.7, 4.83774399714, -0.181131876094, -0.297797814141, 0.0241887199857, -1.19119125656
17.6, 8.8, 12.6297501968, -0.172168899584, -0.284653349375, 0.0631487509838, -1.1386133975
17.8, 8.9, 19.9182481115, -0.155640435897, -0.260160653846, 0.0995912405577, -1.04064261538
18.0, 9.0, 26.4126683298, -0.132197449354, -0.225296174032, 0.132063341649, -0.901184696126
